               (1.87004,0)              (-0.523587,0)              (0,-0.926899)              (0,-0.105691)               (0,0.715478)                      (0,0)            (1.5708,1.5263)          (1.5708,0.691399)         (1.5708,-0.199792)         (1.5708,-0.523049)          (1.5708,0.377184)           (1.5708,1.39851)     (0.58897,-1.79741e-16)    (0.627358,-9.45687e-17)     (0.384532,8.80329e-17)     (0.591043,-9.4887e-17)    (0.152795,-1.63671e-17)   (-0.0749872,2.50983e-17)
     (1.80774,3.51038e-24)     (-0.587939,3.4909e-24)    (4.81766e-24,-0.846066)   (-7.69424e-25,-0.129055)    (-2.82223e-25,0.709306)   (0.0229376,-9.84631e-25)           (1.5708,1.51648)          (1.5708,0.673662)         (1.5708,-0.246281)         (1.5708,-0.616285)          (1.5708,0.302662)           (1.5708,1.34722)    (0.586049,-7.93841e-25)    (0.678954,-2.07619e-24)      (0.4758,-4.54301e-24)    (0.708932,-5.81085e-24)    (0.229434,-3.80625e-24)   (-0.0866433,-5.9493e-25)
     (1.75769,3.80012e-25)    (-0.634673,1.18932e-24)    (3.89019e-25,-0.772803)   (-4.72462e-25,-0.148576)      (1.22472e-25,0.70449)   (0.0444059,-2.48933e-25)            (1.5708,1.5032)          (1.5708,0.649754)         (1.5708,-0.297999)         (1.5708,-0.711545)          (1.5708,0.234672)           (1.5708,1.30027)     (0.574991,1.02359e-25)    (0.718149,-3.32806e-25)    (0.552408,-1.83068e-24)    (0.804358,-3.07594e-24)    (0.285875,-1.53005e-24)     (-0.10411,2.29813e-25)
      (1.72745,3.2376e-25)     (-0.66264,3.40157e-25)    (4.50518e-25,-0.720648)   (-1.44966e-25,-0.162958)     (-1.01575e-26,0.70182)    (0.062694,-1.12368e-25)           (1.5708,1.49439)          (1.5708,0.627895)         (1.5708,-0.344054)         (1.5708,-0.787046)          (1.5708,0.186031)           (1.5708,1.26673)     (0.558385,1.97227e-25)    (0.743751,-3.48924e-25)       (0.609403,-5.65e-25)    (0.869625,-8.39385e-25)    (0.319282,-4.21278e-25)    (-0.125424,8.97727e-26)
    (1.71811,-1.03843e-21)   (-0.672991,-1.43378e-21)   (-1.21328e-21,-0.695915)    (1.27729e-22,-0.171833)    (-3.47744e-23,0.701363)    (0.0765573,1.71486e-22)           (1.5708,1.49547)          (1.5708,0.614768)         (1.5708,-0.375049)         (1.5708,-0.824547)          (1.5708,0.163102)           (1.5708,1.25094)     (0.539685,8.67095e-22)     (0.756486,4.91915e-22)     (0.644279,1.94473e-21)     (0.901481,2.22722e-21)     (0.330837,1.62766e-21)    (-0.148288,5.33306e-22)
     (1.72854,-5.2495e-22)   (-0.666891,-6.56824e-22)    (-7.67354e-22,-0.70112)    (1.47087e-22,-0.175197)      (1.00458e-23,0.70291)    (0.0852797,1.32534e-22)           (1.5708,1.50969)          (1.5708,0.614717)          (1.5708,-0.38468)          (1.5708,-0.81497)          (1.5708,0.167585)           (1.5708,1.25458)      (0.521624,2.1321e-22)     (0.757276,4.04353e-22)     (0.655815,8.90452e-22)     (0.899926,1.29148e-21)     (0.322912,6.22155e-22)     (-0.171298,1.5141e-22)
    (1.75872,-3.92567e-22)       (-0.64419,6.596e-22)   (-3.75323e-22,-0.738234)    (1.44065e-23,-0.172937)     (1.53346e-22,0.706357)      (0.08854,1.07222e-22)           (1.5708,1.53909)          (1.5708,0.629985)         (1.5708,-0.370145)         (1.5708,-0.759442)           (1.5708,0.19955)           (1.5708,1.27884)     (0.50547,-9.48004e-22)     (0.746197,2.45072e-22)    (0.643146,-2.98291e-22)     (0.86647,-1.24402e-21)    (0.296901,-6.39306e-22)   (-0.194398,-6.22531e-22)
     (1.81129,1.59668e-26)     (-0.602701,7.3715e-26)    (2.85464e-26,-0.810384)   (-4.16797e-26,-0.164584)      (6.1069e-27,0.711876)   (0.0862597,-1.34762e-26)           (1.5708,1.58506)           (1.5708,0.66102)         (1.5708,-0.332031)         (1.5708,-0.665938)          (1.5708,0.259147)           (1.5708,1.32553)     (0.490684,4.80213e-26)     (0.721836,1.27182e-26)    (0.605031,-1.43192e-25)    (0.802384,-2.11285e-25)    (0.252211,-9.76246e-26)    (-0.218953,1.53008e-26)
     (1.89154,2.71454e-24)    (-0.537703,5.19106e-24)    (3.64751e-24,-0.921597)   (-1.64077e-24,-0.149334)     (3.71556e-26,0.719851)   (0.0785579,-6.53991e-25)           (1.5708,1.64766)          (1.5708,0.706135)         (1.5708,-0.274303)         (1.5708,-0.545558)          (1.5708,0.346216)           (1.5708,1.39699)    (0.474504,-1.02693e-24)    (0.680724,-2.53999e-24)    (0.539235,-6.30426e-24)    (0.707613,-9.10954e-24)    (0.186209,-5.21146e-24)    (-0.24785,-9.20791e-25)
    (2.00406,-2.70479e-23)   (-0.441868,-3.31716e-23)    (-3.08847e-23,-1.07292)    (1.39094e-23,-0.126437)     (1.13145e-24,0.730481)    (0.0658788,8.11676e-24)           (1.5708,1.72328)          (1.5708,0.760072)         (1.5708,-0.204983)         (1.5708,-0.411684)          (1.5708,0.457541)           (1.5708,1.49392)     (0.451446,-1.2532e-23)     (0.617025,2.75881e-23)     (0.442311,4.70975e-23)     (0.580925,5.97792e-23)    (0.0950654,3.13923e-23)   (-0.285572,-5.41812e-24)
     (2.14246,1.72185e-22)    (-0.306905,4.37733e-22)     (2.19583e-22,-1.25165)  (-8.55931e-23,-0.0960666)     (1.42261e-24,0.742865)   (0.0492336,-6.14297e-23)           (1.5708,1.80054)          (1.5708,0.811757)         (1.5708,-0.137465)         (1.5708,-0.281448)          (1.5708,0.582286)           (1.5708,1.61052)    (0.413828,-1.88505e-22)    (0.523585,-2.16594e-22)    (0.310513,-4.73862e-22)    (0.421528,-5.31793e-22)  (-0.0241496,-3.93756e-22)   (-0.337539,-1.22225e-22)
     (2.27285,-2.5424e-23)    (-0.12872,-3.20204e-22)    (-4.62913e-23,-1.41596)   (4.88535e-23,-0.0599765)     (-9.3662e-24,0.754105)    (0.0301874,2.73147e-23)           (1.5708,1.85779)          (1.5708,0.843378)        (1.5708,-0.0907752)         (1.5708,-0.175878)          (1.5708,0.699565)           (1.5708,1.72911)     (0.355276,1.19533e-22)     (0.395749,3.05767e-22)     (0.142574,2.65587e-22)      (0.231967,3.1363e-22)    (-0.170181,2.46659e-22)    (-0.407616,1.36478e-22)
     (2.33246,9.59911e-23)   (0.0854764,-1.14543e-22)     (1.22815e-22,-1.49636)  (-2.07751e-23,-0.0205385)    (-1.39357e-23,0.759939)   (0.0101693,-1.47797e-23)           (1.5708,1.86897)          (1.5708,0.834014)        (1.5708,-0.0864951)         (1.5708,-0.115328)          (1.5708,0.784299)           (1.5708,1.82237)     (0.276476,8.53964e-23)     (0.236181,2.85217e-22)  (-0.0573026,-1.58263e-23)   (0.0203634,-7.31398e-24)    (-0.334981,6.79885e-23)    (-0.494098,1.37051e-22)
     (2.26884,2.10132e-22)    (0.314922,-7.23998e-23)     (2.53611e-22,-1.43649)    (2.70612e-23,0.0210205)    (-2.21771e-23,0.757169)   (-0.0102701,1.33493e-23)           (1.5708,1.81704)          (1.5708,0.767053)         (1.5708,-0.144133)          (1.5708,-0.11326)          (1.5708,0.818753)           (1.5708,1.86543)       (0.1874,4.54594e-23)   (0.0556862,-1.21025e-23)    (-0.279767,7.13443e-23)    (-0.200167,1.13072e-22)    (-0.504084,8.18158e-23)    (-0.587148,1.16839e-23)
     (2.09201,2.50043e-22)     (0.531449,-7.0122e-23)     (2.83466e-22,-1.24471)    (1.16074e-23,0.0640509)    (-2.82239e-23,0.745956)   (-0.0310163,3.13055e-23)           (1.5708,1.70569)          (1.5708,0.638184)         (1.5708,-0.279054)         (1.5708,-0.173202)          (1.5708,0.799712)           (1.5708,1.84827)     (0.103038,8.54821e-23)   (-0.130017,-1.42711e-22)    (-0.513613,1.40175e-22)    (-0.413884,1.31444e-22)    (-0.659318,9.44283e-23)    (-0.670455,1.28192e-23)
    (1.87506,-1.33379e-21)     (0.710968,4.52517e-22)   (-1.57828e-21,-0.995504)    (-1.59838e-22,0.105739)     (1.70848e-22,0.730667)  (-0.0510412,-9.81686e-23)           (1.5708,1.56291)          (1.5708,0.462766)         (1.5708,-0.504546)          (1.5708,-0.28752)          (1.5708,0.739597)           (1.5708,1.78213)   (0.0359711,-2.60943e-22)   (-0.304237,-1.70522e-22)   (-0.750143,-8.14679e-22)   (-0.605923,-4.81877e-22)   (-0.783949,-4.48831e-22)    (-0.72854,-1.69922e-22)
    (1.69203,-3.45335e-21)     (0.843421,2.43479e-21)    (-4.31631e-21,-0.76974)    (-6.28293e-22,0.140963)     (1.67641e-22,0.717383)  (-0.0681066,-7.48768e-22)           (1.5708,1.42712)          (1.5708,0.273642)         (1.5708,-0.851331)         (1.5708,-0.438587)          (1.5708,0.661633)           (1.5708,1.69497) (-0.00936248,-2.51254e-22)    (-0.453459,-2.3706e-21)   (-0.990423,-5.74685e-21)   (-0.767271,-4.22041e-21)   (-0.870529,-2.26647e-21)      (-0.756696,2.271e-22)
    (1.57104,-8.15303e-22)     (0.931767,2.86319e-22)   (-1.13586e-21,-0.605841)    (-1.32841e-22,0.166141)      (1.07942e-22,0.70947)  (-0.0802108,-1.41471e-22)            (1.5708,1.3236)          (1.5708,0.104946)          (1.5708,-1.51255)         (1.5708,-0.603774)          (1.5708,0.588938)            (1.5708,1.6142)   (-0.0359974,6.65204e-23)   (-0.569331,-4.58204e-22)    (-1.26648,-1.19494e-21)   (-0.895355,-6.14628e-22)   (-0.922707,-3.05511e-22)    (-0.761887,1.08408e-22)