           (0,0)            (0,0)   (-0.0615151,0)    (-0.127304,0)   (0.00233287,0)   (-0.0241682,0)    (-0.104222,0)   (-0.0284906,0)   (-0.0745554,0)     (-0.11034,0)    (-0.157594,0)   (-0.0666343,0)    (-0.148079,0)      (0.32743,0)   (-0.0198848,0)   (0.00859217,0)    (-0.499038,0)    (-0.117889,0)
    (0.494536,0)     (0.281502,0)      (1.01637,0)     (0.593404,0)     (-0.18431,0) (-7.78277e-14,0)     (0.174466,0)      (0.07178,0)     (0.674368,0)      (1.06619,0)     (0.520478,0)     (0.306637,0)     (0.267674,0)     (0.260769,0)    (-0.151634,0)    (-0.369887,0)     (-1.03873,0)    (-0.647066,0)
    (0.464632,0)     (0.294494,0)      (1.00199,0)     (0.583083,0)    (-0.180051,0) (-1.51288e-13,0)     (0.156353,0)     (0.054176,0)     (0.665548,0)      (1.06069,0)     (0.478494,0)     (0.282377,0)     (0.259154,0)     (0.251446,0)    (-0.164483,0)      (-0.3839,0)     (-1.05996,0)    (-0.666059,0)
    (0.434724,0)     (0.307488,0)     (0.987658,0)     (0.572784,0)    (-0.175784,0) (-2.70488e-13,0)     (0.137646,0)     (0.036104,0)     (0.656364,0)      (1.05472,0)       (0.4325,0)     (0.256973,0)      (0.25024,0)     (0.241763,0)    (-0.177781,0)    (-0.398513,0)     (-1.08048,0)    (-0.685034,0)
    (0.404813,0)     (0.320488,0)     (0.973371,0)     (0.562504,0)    (-0.171508,0) (-4.48422e-13,0)     (0.118327,0)    (0.0175541,0)     (0.646798,0)      (1.04824,0)     (0.382202,0)     (0.230384,0)     (0.240915,0)     (0.231711,0)    (-0.191544,0)    (-0.413755,0)     (-1.10011,0)    (-0.703935,0)
    (0.374902,0)     (0.333496,0)     (0.959128,0)      (0.55224,0)    (-0.167221,0) (-6.95614e-13,0)    (0.0983764,0)  (-0.00148302,0)     (0.636829,0)      (1.04119,0)     (0.327353,0)      (0.20257,0)     (0.231161,0)     (0.221279,0)    (-0.205788,0)     (-0.42966,0)     (-1.11863,0)    (-0.722699,0)
    (0.344991,0)     (0.346514,0)     (0.944928,0)     (0.541991,0)    (-0.162921,0) (-1.00483e-12,0)    (0.0777761,0)   (-0.0210161,0)     (0.626436,0)      (1.03355,0)     (0.267786,0)     (0.173496,0)      (0.22096,0)     (0.210455,0)    (-0.220531,0)    (-0.446258,0)     (-1.13583,0)     (-0.74126,0)
    (0.315084,0)     (0.359547,0)     (0.930769,0)     (0.531754,0)    (-0.158608,0)  (-1.3397e-12,0)    (0.0565079,0)   (-0.0410533,0)     (0.615595,0)      (1.02524,0)     (0.203453,0)     (0.143133,0)     (0.210293,0)     (0.199231,0)    (-0.235789,0)    (-0.463581,0)     (-1.15147,0)     (-0.75955,0)
    (0.285182,0)     (0.372597,0)     (0.916649,0)     (0.521526,0)     (-0.15428,0) (-1.62687e-12,0)    (0.0345544,0)   (-0.0616022,0)     (0.604283,0)      (1.01621,0)     (0.134473,0)     (0.111458,0)     (0.199144,0)     (0.187599,0)    (-0.251576,0)     (-0.48166,0)     (-1.16533,0)    (-0.777498,0)
    (0.255288,0)     (0.385669,0)     (0.902567,0)     (0.511304,0)    (-0.149935,0) (-1.76796e-12,0)    (0.0118988,0)   (-0.0826694,0)     (0.592472,0)      (1.00639,0)    (0.0611745,0)    (0.0784572,0)     (0.187497,0)     (0.175551,0)    (-0.267909,0)    (-0.500525,0)     (-1.17719,0)    (-0.795031,0)
    (0.225402,0)     (0.398765,0)      (0.88852,0)     (0.501086,0)    (-0.145572,0) (-1.67126e-12,0)   (-0.0114743,0)    (-0.104261,0)     (0.580136,0)     (0.995708,0)   (-0.0158718,0)    (0.0441272,0)     (0.175336,0)     (0.163082,0)      (-0.2848,0)    (-0.520203,0)     (-1.18685,0)    (-0.812075,0)
    (0.195529,0)      (0.41189,0)     (0.874506,0)     (0.490869,0)    (-0.141189,0) (-1.31566e-12,0)   (-0.0355794,0)    (-0.126381,0)     (0.567244,0)     (0.984076,0)   (-0.0958488,0)   (0.00847597,0)     (0.162648,0)     (0.150188,0)    (-0.302261,0)    (-0.540718,0)     (-1.19416,0)    (-0.828559,0)
    (0.165669,0)     (0.425047,0)     (0.860522,0)     (0.480651,0)    (-0.136784,0) (-7.79014e-13,0)   (-0.0604292,0)    (-0.149033,0)     (0.553766,0)       (0.9714,0)    (-0.177718,0)   (-0.0284743,0)     (0.149422,0)     (0.136866,0)    (-0.320305,0)    (-0.562092,0)     (-1.19903,0)    (-0.844411,0)
    (0.135827,0)      (0.43824,0)     (0.846564,0)     (0.470428,0)    (-0.132356,0) (-2.14478e-13,0)   (-0.0860346,0)     (-0.17222,0)     (0.539668,0)     (0.957576,0)    (-0.260287,0)   (-0.0666864,0)     (0.135649,0)     (0.123116,0)    (-0.338938,0)    (-0.584338,0)     (-1.20142,0)    (-0.859561,0)
    (0.106004,0)     (0.451475,0)      (0.83263,0)     (0.460197,0)    (-0.127901,0)  (2.28915e-13,0)    (-0.112404,0)    (-0.195943,0)     (0.524915,0)     (0.942486,0)      (-0.3423,0)    (-0.106106,0)     (0.121324,0)     (0.108942,0)    (-0.358167,0)    (-0.607465,0)     (-1.20135,0)    (-0.873946,0)
   (0.0762023,0)     (0.464755,0)     (0.818716,0)     (0.449955,0)    (-0.123419,0)  (4.80958e-13,0)    (-0.139545,0)      (-0.2202,0)     (0.509468,0)     (0.925996,0)    (-0.422551,0)    (-0.146663,0)     (0.106444,0)    (0.0943477,0)    (-0.377995,0)    (-0.631471,0)     (-1.19894,0)    (-0.887506,0)
   (0.0464261,0)     (0.478085,0)     (0.804818,0)       (0.4397,0)    (-0.118906,0)  (5.60764e-13,0)     (-0.16746,0)    (-0.244991,0)     (0.493289,0)     (0.907959,0)    (-0.499977,0)    (-0.188267,0)    (0.0910123,0)    (0.0793422,0)     (-0.39842,0)    (-0.656342,0)     (-1.19434,0)     (-0.90019,0)
   (0.0166778,0)      (0.49147,0)      (0.79093,0)     (0.429427,0)     (-0.11436,0)  (5.34658e-13,0)    (-0.196149,0)     (-0.27031,0)     (0.476333,0)     (0.888207,0)     (-0.57373,0)    (-0.230811,0)    (0.0750351,0)    (0.0639364,0)    (-0.419438,0)    (-0.682052,0)     (-1.18776,0)    (-0.911952,0)
  (-0.0130394,0)     (0.504915,0)     (0.777048,0)     (0.419134,0)    (-0.109778,0)  (4.67659e-13,0)    (-0.225611,0)    (-0.296153,0)     (0.458557,0)     (0.866555,0)    (-0.643209,0)    (-0.274172,0)    (0.0585249,0)    (0.0481452,0)    (-0.441039,0)    (-0.708558,0)     (-1.17943,0)    (-0.922757,0)
  (-0.0427222,0)     (0.518426,0)     (0.763167,0)     (0.408816,0)    (-0.105158,0)  (3.95062e-13,0)    (-0.255839,0)    (-0.322513,0)     (0.439913,0)     (0.842795,0)    (-0.708055,0)     (-0.31821,0)    (0.0414997,0)    (0.0319864,0)    (-0.463207,0)    (-0.735796,0)      (-1.1696,0)    (-0.932579,0)
  (-0.0723672,0)     (0.532008,0)     (0.749279,0)      (0.39847,0)    (-0.100496,0)  (3.28429e-13,0)    (-0.286823,0)    (-0.349381,0)      (0.42035,0)     (0.816694,0)    (-0.768126,0)    (-0.362775,0)    (0.0239836,0)    (0.0154819,0)    (-0.485923,0)    (-0.763681,0)     (-1.15852,0)    (-0.941402,0)
   (-0.101971,0)     (0.545667,0)     (0.735379,0)     (0.388092,0)   (-0.0957883,0)  (2.62409e-13,0)    (-0.318549,0)    (-0.376745,0)     (0.399815,0)     (0.787998,0)    (-0.823453,0)    (-0.407706,0)   (0.00600709,0)  (-0.00134316,0)    (-0.509159,0)    (-0.792102,0)     (-1.14643,0)    (-0.949221,0)
    (-0.13153,0)      (0.55941,0)     (0.721457,0)     (0.377678,0)   (-0.0910314,0)  (1.80971e-13,0)       (-0.351,0)    (-0.404594,0)     (0.378253,0)     (0.756425,0)    (-0.874193,0)    (-0.452837,0)   (-0.0123926,0)     (-0.01846,0)    (-0.532881,0)    (-0.820921,0)     (-1.13355,0)    (-0.956043,0)
   (-0.161039,0)     (0.573242,0)     (0.707507,0)     (0.367224,0)   (-0.0862207,0)  (5.60517e-14,0)    (-0.384153,0)    (-0.432914,0)     (0.355606,0)     (0.721673,0)    (-0.920587,0)    (-0.498001,0)   (-0.0311718,0)   (-0.0358363,0)    (-0.557047,0)    (-0.849967,0)     (-1.12008,0)    (-0.961884,0)
   (-0.190497,0)      (0.58717,0)     (0.693517,0)     (0.356724,0)   (-0.0813512,0) (-1.57225e-13,0)    (-0.417984,0)    (-0.461688,0)     (0.331812,0)     (0.683417,0)    (-0.962927,0)    (-0.543034,0)   (-0.0502804,0)   (-0.0534368,0)    (-0.581608,0)    (-0.879037,0)     (-1.10621,0)    (-0.966768,0)
   (-0.219897,0)     (0.601201,0)     (0.679477,0)     (0.346175,0)   (-0.0764174,0) (-5.29697e-13,0)    (-0.452464,0)    (-0.490902,0)     (0.306808,0)     (0.641322,0)     (-1.00153,0)    (-0.587778,0)   (-0.0696627,0)   (-0.0712231,0)    (-0.606508,0)    (-0.907896,0)     (-1.09208,0)    (-0.970731,0)
   (-0.249236,0)     (0.615342,0)     (0.665375,0)      (0.33557,0)    (-0.071413,0)  (2.37669e-16,0)    (-0.487561,0)    (-0.520537,0)      (0.28053,0)     (0.595053,0)     (-1.03671,0)    (-0.632088,0)   (-0.0892574,0)   (-0.0891542,0)    (-0.631681,0)    (-0.936276,0)     (-1.07784,0)    (-0.973816,0)
   (-0.278509,0)     (0.629602,0)     (0.651198,0)     (0.324904,0)   (-0.0663305,0)   (1.3906e-16,0)    (-0.523243,0)    (-0.550575,0)      (0.25291,0)     (0.544293,0)     (-1.06879,0)    (-0.675833,0)    (-0.108999,0)    (-0.107187,0)    (-0.657054,0)    (-0.963877,0)      (-1.0636,0)    (-0.976072,0)
   (-0.307712,0)     (0.643986,0)     (0.636929,0)     (0.314171,0)   (-0.0611615,0) (-5.97279e-17,0)    (-0.559472,0)    (-0.580997,0)      (0.22388,0)     (0.488774,0)     (-1.09806,0)      (-0.7189,0)    (-0.128818,0)    (-0.125277,0)    (-0.682549,0)    (-0.990377,0)     (-1.04946,0)    (-0.977554,0)
   (-0.336841,0)     (0.658504,0)     (0.622551,0)     (0.303364,0)    (-0.055896,0)  (1.31272e-16,0)    (-0.596215,0)    (-0.611785,0)     (0.193371,0)     (0.428306,0)      (-1.1248,0)    (-0.761195,0)    (-0.148645,0)    (-0.143379,0)    (-0.708078,0)     (-1.01544,0)     (-1.03551,0)    (-0.978321,0)
   (-0.365892,0)     (0.673163,0)     (0.608045,0)     (0.292477,0)   (-0.0505222,0) (-1.07546e-16,0)    (-0.633436,0)    (-0.642921,0)     (0.161315,0)     (0.362831,0)     (-1.14926,0)    (-0.802648,0)    (-0.168406,0)    (-0.161445,0)    (-0.733548,0)     (-1.03871,0)      (-1.0218,0)    (-0.978433,0)
   (-0.394859,0)     (0.687971,0)     (0.593388,0)     (0.281501,0)   (-0.0450256,0)  (8.74457e-18,0)    (-0.671104,0)    (-0.674389,0)     (0.127644,0)     (0.292467,0)     (-1.17168,0)    (-0.843209,0)    (-0.188031,0)     (-0.17943,0)    (-0.758862,0)     (-1.05985,0)      (-1.0084,0)    (-0.977953,0)
   (-0.423738,0)     (0.702936,0)     (0.578553,0)     (0.270428,0)   (-0.0393888,0)  (2.97302e-17,0)    (-0.709191,0)    (-0.706174,0)    (0.0922929,0)     (0.217556,0)     (-1.19226,0)    (-0.882853,0)    (-0.207449,0)    (-0.197287,0)    (-0.783915,0)     (-1.07857,0)    (-0.995365,0)    (-0.976943,0)
   (-0.452527,0)     (0.718067,0)     (0.563511,0)     (0.259248,0)     (-0.03359,0)  (1.83713e-16,0)    (-0.747678,0)    (-0.738265,0)    (0.0552013,0)       (0.1387,0)     (-1.21121,0)    (-0.921578,0)    (-0.226593,0)    (-0.214972,0)    (-0.808604,0)     (-1.09459,0)    (-0.982721,0)    (-0.975466,0)
   (-0.481223,0)     (0.733369,0)     (0.548227,0)     (0.247949,0)   (-0.0276015,0)  (7.74745e-17,0)    (-0.786554,0)    (-0.770655,0)    (0.0163132,0)    (0.0567684,0)      (-1.2287,0)     (-0.95941,0)    (-0.245401,0)     (-0.23244,0)    (-0.832819,0)     (-1.10773,0)    (-0.970502,0)    (-0.973581,0)
   (-0.509823,0)     (0.748851,0)     (0.532658,0)      (0.23652,0)   (-0.0213872,0)   (2.5218e-17,0)    (-0.825827,0)    (-0.803342,0)   (-0.0244195,0)    (-0.027132,0)     (-1.24488,0)    (-0.996399,0)    (-0.263814,0)    (-0.249649,0)    (-0.856452,0)     (-1.11788,0)     (-0.95873,0)    (-0.971343,0)
   (-0.538329,0)     (0.764514,0)     (0.516758,0)     (0.224946,0)   (-0.0148992,0)  (1.83292e-14,0)    (-0.865523,0)     (-0.83633,0)   (-0.0670347,0)    (-0.111729,0)     (-1.25993,0)     (-1.03263,0)    (-0.281778,0)    (-0.266557,0)    (-0.879389,0)     (-1.12503,0)    (-0.947421,0)    (-0.968806,0)
   (-0.566745,0)     (0.780362,0)     (0.500466,0)      (0.21321,0)  (-0.00807154,0) (-1.56718e-16,0)    (-0.905698,0)    (-0.869633,0)    (-0.111557,0)    (-0.195684,0)     (-1.27396,0)     (-1.06821,0)    (-0.299243,0)    (-0.283122,0)    (-0.901518,0)     (-1.12926,0)    (-0.936582,0)    (-0.966016,0)