7
0
8
52
1.480369994593114e-02 5.862224187743965e-01
1.433136893424990e-02 5.675182414983618e-01
3.505142199911800e-03 1.388026605568289e-01
-1.214650039303459e-03 -4.809980522473073e-02
1.745159233166870e-02 6.910782240589343e-01
-3.309541433765501e-03 -1.310569243785195e-01
2.025818791702428e-02 8.022186321041098e-01
1.114707582981510e-15
4.677122158384037e+01
4.737707918308253e-16
3.906250000000000e-04
4.110523025604755e-12
0.000000000000000e+00
1
1
24
52
-3.153398067521110e-01 -6.102030578193276e-02
-2.533013749544535e-01 -4.901546529726633e-02
9.334258120605352e-02 1.806239721630109e-02
-1.629870231105329e-01 -3.153905017931923e-02
6.108868997306134e-01 1.182105925784434e-01
4.553420744621671e-01 8.811165613766898e-02
-1.467107511237000e-01 -2.838948557516774e-02
1.279468816630226e-16
1.453422362271854e+02
4.195209586783015e-16
9.765625000000001e-05
1.458199914520102e-13
0.000000000000000e+00
1
1
40
52
-6.196410699690906e-01 7.983499368343942e-02
-6.129095619057032e-01 7.896770142382956e-02
-7.229844137428681e-02 9.314982318274325e-03
-5.540631635334728e-02 7.138588983962912e-03
3.134896206143198e-01 -4.039022442914698e-02
1.937969041499509e-01 -2.496893018962361e-02
-5.324880255760260e-01 6.860613380660775e-02
1.820659229447066e-16
4.634162034135989e+02
1.324808451283491e-14
1.525878906250000e-06
4.287456016736151e-15
0.000000000000000e+00
1
1
52
64
0.233516434168238129754e-1 0.218930170675084572917e-1
0.203174077954012538318e-1 0.190483105489604960833e-1
-0.105348031694904371554e-1 -0.987676205377183313345e-2
-0.463897757290910799864e-2 -0.434921060443727562788e-2
0.381917064458662279167e0 0.358061172026215675723e0
-0.347618994664430475038e-1 -0.325905481140377361125e-1
0.422595790627567437350e0 0.396198960892018527195e0
5.55732051377185e-17
7.396252354284702e+03
6.26343717840298e-19
9.53674316406250e-8
2.10696863278281e-13
2.441406250000000e-05
1
1
116
52
4.085768108502494e-01 -4.591745165800739e-01
3.490754110147070e-01 -3.923045284168523e-01
-1.202004042737299e-01 1.350858909742394e-01
1.750235144256500e-01 -1.966982351722342e-01
-1.099274588359195e+00 1.235407552005219e+00
1.001812002860786e+00 -1.125875306433686e+00
1.806980018559921e+00 -2.030754449244126e+00
2.264419546801470e-15
5.212148784594438e+03
5.434837067370776e-14
1.525878906250000e-06
4.646200455358442e-13
0.000000000000000e+00
1
1
130
52
-6.221088133521782e-02 -4.318763236177879e-01
-6.214249715859345e-02 -4.314015914461757e-01
2.586414733351711e-03 1.795523970110993e-02
1.346945517034502e-03 9.350677333693264e-03
-5.317181908383983e-02 -3.691259350958579e-01
-1.628273156339113e-01 -1.130369172582566e+00
1.568442764512710e-01 1.088834108124410e+00
6.091274446198207e-16
5.239844060952793e+02
8.629347987407883e-15
1.525878906250000e-06
5.105093527928274e-12
0.000000000000000e+00
1
1
144
52
-7.799525560922569e-01 2.028127441753540e-01
-7.749410592410324e-01 2.015095938479608e-01
-6.210783273499864e-02 1.615003360573837e-02
6.272927203621435e-02 -1.631162780659870e-02
2.001669375161924e-01 -5.204984017776769e-02
-1.750637744423614e-02 4.552221057926252e-03
-7.386596456634298e-01 1.920752596788361e-01
4.966674178513080e-16
9.850254876991734e+02
1.786469819744992e-14
1.525878906250000e-06
7.316395529336070e-14
0.000000000000000e+00
1
1
162
52
-1.501030279503313e-01 -1.718878947725861e-01
-1.079443390438015e-01 -1.236105989613806e-01
-9.515078367505952e-02 -1.089602795839644e-01
4.272314401207834e-02 4.892367184446272e-02
2.880977267834504e-01 3.299101451968097e-01
-3.967001493125945e-01 -4.542743371164707e-01
2.673520242815580e-01 3.061535616200387e-01
8.326672684688674e-17
4.644497949803634e+03
4.421250016831246e-15
6.103515625000000e-06
8.525502243838002e-12
0.000000000000000e+00
1
1
164
52
-8.909807905149730e-01 6.605576212476113e-01
-8.516627025588801e-01 6.314078764621273e-01
4.186882656381676e-02 -3.104081790970719e-02
2.583881024717659e-01 -1.915644334248560e-01
-8.481049537620682e-02 6.287702235438120e-02
-2.514911153855894e-01 1.864511274681853e-01
-8.974069784939491e-01 6.653218849559559e-01
2.483309823990541e-15
4.659322077734272e+02
2.077440353015820e-14
2.441406250000000e-05
1.796383190032264e-12
0.000000000000000e+00
1
1
226
52
-6.418374554301777e-02 -1.244220001841842e-01
-4.543999954257544e-02 -8.808672014422049e-02
-4.402091523312884e-02 -8.533578520395534e-02
1.081289302357529e-02 2.096109796006196e-02
2.343891110475984e-01 4.543698995937817e-01
-3.229704109230925e-01 -6.260872466600546e-01
1.734639162820141e-01 3.362646919557556e-01
1.716587549445839e-16
1.218504208804427e+04
4.918289320270781e-14
3.814697265625000e-07
3.496386330288793e-13
0.000000000000000e+00
1
1
236
52
-6.885568267601933e-01 1.234917779860602e-01
-6.842343017892633e-01 1.227165387126933e-01
-7.698918494974058e-02 1.380791093144362e-02
-2.566969770137497e-03 4.603827144483109e-04
2.659965149373111e-01 -4.770613156545138e-02
9.430525722406642e-02 -1.691352613964957e-02
-6.205433601879770e-01 1.112936505584073e-01
2.464184751436639e-16
1.024408549607828e+03
1.383841515125313e-14
1.525878906250000e-06
1.021772915546646e-13
0.000000000000000e+00
1
1
282
52
-6.768032286516368e-02 -4.814761517835738e-02
-6.711256077745040e-02 -4.774371062597304e-02
8.597799314648553e-03 6.116453280034970e-03
-1.614972436561426e-03 -1.148887418195725e-03
3.255876879469046e-01 2.316222801908054e-01
1.398531271207731e-02 9.949117056542041e-03
4.831668252545909e-01 3.437236907934630e-01
1.144391699630559e-16
5.056554195942235e+03
1.002010662007876e-15
9.536743164062501e-08
3.969047313034935e-15
0.000000000000000e+00
1
1
315
52
-7.394092872621799e-02 8.429659669652162e-02
-7.359846892671117e-02 8.390617428634756e-02
3.785101206750099e-03 -4.315216962750831e-03
-6.016587188285419e-03 6.859229826261520e-03
1.086961731586512e-01 -1.239194263455504e-01
6.796252392668329e-01 -7.748089682695579e-01
-3.761294132704840e-01 4.288075630421345e-01
1.777223989483337e-16
4.794825951121607e+03
3.929024462950070e-15
3.814697265625000e-07
5.950219559500062e-13
0.000000000000000e+00
1
1
334
52
1.584499035649440e-02 -2.697478935714530e-01
1.583908722762614e-02 -2.696473976707381e-01
4.148258649963391e-04 -7.062068247701576e-03
-1.222893894861510e-04 2.081876004833991e-03
1.139956463118040e-02 -1.940681867081219e-01
6.824297249133224e-02 -1.161780327183819e+00
-5.192063781469385e-02 8.839060402242568e-01
2.001483021243360e-16
1.703135795092400e+03
6.510369461464916e-15
3.814697265625000e-07
5.685933924140909e-13
0.000000000000000e+00
1
1
396
52
-4.118497491169455e-01 7.493661811739253e-01
-3.555599914736620e-01 6.469462068634018e-01
-2.325715595060067e-03 4.231670937528499e-03
2.078266088784381e-01 -3.781433218679462e-01
-2.290259456482322e-01 4.167158014497888e-01
-8.819778166444242e-02 1.604770549832920e-01
-3.781222417721814e-01 6.879985260189755e-01
1.117140368961273e-15
9.628712548601928e+01
1.332052071699793e-15
2.441406250000000e-05
4.200180744990277e-15
0.000000000000000e+00
1
1
398
52
-8.103489568399690e-02 1.579793187369937e-01
-6.686059273865474e-02 1.303462021151242e-01
2.584509154997864e-02 -5.038557674810702e-02
-3.779347430344594e-02 7.367921279796949e-02
-1.880253174009478e+00 3.665595086855207e+00
6.789984114543577e-01 -1.323722398352415e+00
2.360847222910407e+00 -4.602523798783126e+00
1.276756478318930e-15
3.692260811158093e+05
1.667246581483414e-13
5.960464477539063e-09
3.675119949150618e-12
0.000000000000000e+00
1
1
438
52
-1.203329810913844e-02 -3.848586128649786e-02
-8.032648667423420e-03 -2.569066265738545e-02
-8.884336362144347e-03 -2.841459870394227e-02
1.159907829706855e-03 3.709710457959992e-03
1.757718232601223e-01 5.621675742352076e-01
-2.130910507357250e-01 -6.815249273830117e-01
9.560256925690785e-02 3.057638218286766e-01
2.857611408887129e-16
7.526092704818766e+04
3.736818643669063e-15
2.384185791015625e-08
3.190152982119950e-14
0.000000000000000e+00
1
1
608
52
1.682266517673667e-01 -2.473696202390484e-01
1.400139779215014e-01 -2.058841698549396e-01
-4.756550091476562e-02 6.994290009431273e-02
8.021106827728720e-02 -1.179467182534147e-01
-1.344929461576579e+00 1.977657444068835e+00
8.215936050610533e-01 -1.208115931331931e+00
1.855627374647231e+00 -2.728615437263996e+00
7.947987303456224e-16
5.300712088014906e+04
7.810883467339840e-15
3.814697265625000e-07
5.601481858003767e-12
0.000000000000000e+00
1
1
712
52
-1.200001196706753e-01 2.592073334872330e-01
-9.373120155377042e-02 2.024649215849445e-01
-8.257297763536028e-03 1.783625000516815e-02
7.447353630590636e-02 -1.608672292510723e-01
-1.279758169692494e-01 2.764353098854092e-01
2.638299111317962e-01 -5.698881629978769e-01
-1.841107292306799e-01 3.976900299870005e-01
1.665334536937735e-16
9.531719444537060e+01
7.505075146335998e-16
2.441406250000000e-05
1.847779371410367e-15
0.000000000000000e+00
1
1
728
52
-1.686829249700194e-01 2.378118076779009e-01
-1.503609200681586e-01 2.119811605820595e-01
1.346671657551259e-02 -1.898558619894574e-02
7.526068321090908e-02 -1.061036801717848e-01
-7.053053477309665e-02 9.943504343347286e-02
4.233590683017203e-01 -5.968581902854623e-01
-2.855917121810466e-01 4.026316317651755e-01
3.103167691559091e-16
1.275680743206491e+02
6.608301791978145e-16
2.441406250000000e-05
1.365553830653388e-12
0.000000000000000e+00
1
1
731
52
-2.419009410077771e-01 -4.819596875835080e-02
-1.294303514472552e-01 -2.578750272217305e-02
1.813270549981549e-01 3.612732154462296e-02
9.425682208935424e-02 1.877958322011608e-02
4.664542803251600e-01 9.293562822902651e-02
3.361622498680751e-01 6.697644591575931e-02
2.093638911003991e-01 4.171333733785349e-02
2.775557561562891e-17
1.434648033375420e+02
2.711587545497034e-16
9.765625000000001e-05
8.699520173172307e-14
0.000000000000000e+00
1
1
736
52
-2.441656406332124e-01 -1.039549080543808e-01
-1.183184248471414e-01 -5.037474127901801e-02
2.133860296518179e-01 9.085031388944230e-02
9.165847312272317e-03 3.902411543723497e-03
6.743997357474660e-01 2.871295172396605e-01
2.006837450769960e-01 8.544224409865707e-02
2.077493788541648e-02 8.845047780322695e-03
8.701328688121327e-17
2.169248550671544e+03
1.738420512086351e-15
6.103515625000000e-06
1.930002081582062e-12
0.000000000000000e+00
1
1
808
52
-4.299576487038426e-01 -3.288569095822040e-04
-3.946063990154868e-01 -3.018181936588433e-04
4.779853382422958e-02 3.655913126183416e-05
-1.639044529572682e-01 -1.253637701963824e-04
4.856125082227459e-01 3.714250210224274e-04
4.968808798803434e-01 3.800437347271906e-04
-3.124902242221453e-01 -2.390109112424107e-04
6.206335383118183e-17
1.248541712042512e+02
2.674961014088236e-16
9.765625000000001e-05
9.779466389861952e-14
0.000000000000000e+00
1
1
867
52
3.458381616866755e-02 -9.571326610495719e-02
3.453275207277996e-02 -9.557194244725960e-02
1.078748007706841e-03 -2.985514803174630e-03
1.538076007215095e-03 -4.256738974387962e-03
4.834291610770779e-02 -1.337925916313205e-01
3.913940452005850e-01 -1.083211934087363e+00
-2.483753326862798e-01 6.873970817844555e-01
4.577566798522237e-16
1.365414058519499e+04
9.417827314747217e-15
3.814697265625000e-07
5.174808230223394e-12
0.000000000000000e+00
1
1
891
52
-8.600633185287969e-03 -7.225326485402007e-03
-8.240370877609229e-03 -6.922672862432036e-03
2.442536239873208e-03 2.051956106638555e-03
3.181127225252744e-04 2.672440772543064e-04
3.582148846720117e-01 3.009335984834919e-01
-1.258205664028285e-02 -1.057009003003876e-02
4.629442162564553e-01 3.889159129239857e-01
6.938893903907228e-18
3.125694121895812e+05
3.238389966972289e-15
1.490116119384766e-09
2.618731113167266e-12
0.000000000000000e+00
1
1
937
52
-2.895244593019519e-01 -1.064866893932697e-02
-1.398933666866885e-01 -5.145258373811812e-03
6.171265123136046e-02 2.269782642742246e-03
2.458572902501526e-01 9.042596596155970e-03
2.945703649195175e-01 1.083425663918950e-02
2.025119148430598e-01 7.448359778083435e-03
2.494764033893871e-01 9.175707068912822e-03
1.144391699630559e-16
7.425850840408457e+05
3.443780841423983e-13
2.384185791015625e-08
8.395219851626705e-13
0.000000000000000e+00
1
1
1225
52
-2.965127677390311e-01 -1.851887578983865e-02
-1.365168404687153e-01 -8.526237946297015e-03
1.067483427449179e-01 6.667029265431081e-03
2.405987635502591e-01 1.502673443488252e-02
3.405028001567332e-01 2.126629861608318e-02
2.110117294225954e-01 1.317885916743311e-02
2.273709867059878e-01 1.420058600886450e-02
1.618414262284734e-16
4.303434491688650e+05
3.492674729536021e-13
2.384185791015625e-08
1.765709559344796e-12
0.000000000000000e+00
1
1
1402
52
-2.741216413557300e-01 -4.344775928946438e-03
-1.605920799613135e-01 -2.545353952883417e-03
-4.422203811517771e-02 -7.009109013882322e-04
2.177091395835239e-01 3.450648494936656e-03
1.949018667490764e-01 3.089157554176537e-03
1.869066691937635e-01 2.962435192115235e-03
3.151663041463136e-01 4.995326035180822e-03
1.000741510621680e-16
2.974455801956583e+05
7.150210814645213e-13
2.384185791015625e-08
1.556845536716564e-13
0.000000000000000e+00
1
1
1443
52
-2.702492228822085e-01 -8.733927183318564e-03
-1.837180529543435e-01 -5.937408735726415e-03
-9.406807267082916e-02 -3.040096427363125e-03
1.744520484004080e-01 5.637949561743654e-03
1.360036062546492e-01 4.395370987671746e-03
1.859133491204417e-01 6.008356421185780e-03
3.765637423472976e-01 1.216980485813338e-02
6.206335383118183e-17
2.990354533265768e+04
1.429820303487279e-14
3.814697265625000e-07
3.477268531810794e-12
0.000000000000000e+00
1
1
1496
52
-6.273528620422010e-01 3.445531488999241e-01
-3.990675158407657e-01 2.191748496356693e-01
-4.839717394381409e-01 2.658057321347929e-01
-9.385453555444985e-03 5.154655014812088e-03
-8.134246656493220e-01 4.467470332884026e-01
1.088429936014005e-02 -5.977847308925391e-03
6.692061295336059e-01 -3.675396943967778e-01
1.381142787380656e-15
2.088445877886267e+01
6.907974985672809e-16
3.906250000000000e-04
5.214922149166519e-13
0.000000000000000e+00
1
1
1570
52
-2.796298751809660e-01 -4.761276957845379e-03
-1.495620550812479e-01 -2.546603313273531e-03
-2.561474015955506e-03 -4.361439278111234e-05
2.362572699928237e-01 4.022768650926383e-03
2.343885364540768e-01 3.990949597500349e-03
1.918955227677508e-01 3.267418155075626e-03
2.845950108996352e-01 4.845818662389438e-03
1.144391699630559e-16
6.331075336601727e+05
5.687354373554442e-13
2.384185791015625e-08
7.602181823170526e-13
0.000000000000000e+00
1
1
1637
52
-4.732227569143336e-01 -6.924065519596584e-02
-2.261506231247604e-01 -3.308973858366034e-02
3.696343529190828e-01 5.408388418583036e-02
1.901739163607250e-01 2.782572557554144e-02
6.326301780858914e-01 9.256471162340431e-02
1.974034327028621e-01 2.888352856782238e-02
-1.422806173263713e-01 -2.081810948738457e-02
9.863546768122330e-17
4.102894522528297e+01
3.120789616474834e-16
9.765625000000001e-05
5.342227333322896e-15
0.000000000000000e+00
1
1
1771
52
-3.044611022030007e-01 -3.672075129477554e-02
-1.348383274009256e-01 -1.626271681231693e-02
1.711877739943015e-01 2.064678748141384e-02
2.126262783694970e-01 2.564464435769145e-02
4.188213912320389e-01 5.051363222779631e-02
2.234616712431490e-01 2.695149033574169e-02
1.916198984516520e-01 2.311108572906650e-02
8.092071311423672e-17
6.738441114950912e+04
6.322932921490681e-14
9.536743164062501e-08
4.731408895260791e-13
0.000000000000000e+00
1
1
1772
52
-3.047114139793016e-01 -5.911977190324019e-02
-1.347477491279676e-01 -2.614360942009724e-02
2.174999248566892e-01 4.219909513258693e-02
1.654867747028329e-01 3.210756120248669e-02
4.979994671663711e-01 9.662130644310918e-02
2.302960789696456e-01 4.468179081673877e-02
1.515438747104322e-01 2.940237514970291e-02
1.688305753616065e-16
1.181654644518092e+04
2.697367857137513e-14
9.536743164062501e-08
9.691625425477683e-15
0.000000000000000e+00
1
1
1801
52
5.564742134166736e-02 2.838907906890163e-01
2.903939578664320e-02 1.481473324771748e-01
4.511512595483146e-02 2.301592503399892e-01
1.476395625851820e-02 7.531977430174938e-02
1.884386979109353e-01 9.613385428569292e-01
-7.487849890556830e-02 -3.820000234942015e-01
6.708465582083564e-03 3.422389667824202e-02
2.179409260635785e-16
2.071756631643073e+02
2.595876447086774e-15
6.103515625000000e-06
4.061081789780454e-13
0.000000000000000e+00
1
1
1856
52
1.138930171476767e+00 -2.381559240100967e-01
1.028653034239167e+00 -2.150964299570456e-01
-4.765817632944713e-01 9.965560053307565e-02
1.091086318573630e-01 -2.281515380681783e-02
-3.910045463899239e-01 8.176098181409976e-02
1.599502136896248e+00 -3.344637967354270e-01
2.258016897587842e+00 -4.721624855878311e-01
6.144350391607789e-15
2.884261213047829e+02
2.187125609029889e-15
6.103515625000000e-06
1.261569534810706e-14
0.000000000000000e+00
1
1
1862
52
-1.447721053635155e+00 2.210643082959540e-01
-1.238903655639084e+00 1.891782805751774e-01
4.845252077390157e-01 -7.398609672203617e-02
-5.711823738947661e-01 8.721848458225789e-02
-7.145576117569692e+00 1.091116163462755e+00
1.158499294418446e+00 -1.769006843817830e-01
9.464936762161397e+00 -1.445278213740395e+00
1.747704043886080e-13
1.452727809718628e+05
1.018429733868764e-13
9.536743164062501e-08
7.230101031281383e-14
0.000000000000000e+00
1
1
1945
52
-1.852232146030410e-01 3.971625099858305e-01
-9.059685281092286e-02 1.942611434334335e-01
-1.289584167377499e-01 2.765174364624304e-01
9.731174770361994e-02 -2.086594709626804e-01
-2.515534660339043e-01 5.393903036386485e-01
9.207623215121247e-02 -1.974332836711994e-01
-6.130081882596724e-02 1.314434970869362e-01
1.536381426628689e-16
3.456844071078014e+01
1.066013915772089e-15
9.765625000000001e-05
1.567789799674020e-13
0.000000000000000e+00
1
1
1977
52
1.122260570046630e-01 2.359306249358971e-01
6.058544935479851e-02 1.273675945659023e-01
7.618103790793042e-02 1.601538926128047e-01
5.586179965380174e-02 1.174371590175151e-01
4.795044353443639e-01 1.008052711730125e+00
-1.234469657918489e-01 -2.595201200421843e-01
-3.490372018273089e-02 -7.337740213894547e-02
8.886119947416683e-17
3.241166145605108e+02
8.104127611881889e-15
6.103515625000000e-06
5.400811818402909e-13
0.000000000000000e+00
1
1
2018
52
-2.191270365910851e-01 -1.593878922589626e-01
-1.510674901787206e-01 -1.098829666252943e-01
-1.300837449229929e-01 -9.461988006126267e-02
9.095873175843332e-02 6.616125861538157e-02
3.192398358688399e-01 2.322076059431449e-01
-3.638079182728794e-01 -2.646253889192369e-01
3.123139941128307e-01 2.271699102905113e-01
1.144391699630559e-16
1.600736513267179e+03
1.151938567232350e-14
9.765625000000001e-05
3.196926173608643e-12
0.000000000000000e+00
1
1
-1

2 0
1 7
-7269533825556819606652745229283526948981263558580011962815565810895288212355480125195588100121967099963613069161991136681379256898405819798098443299875290166430688648102992914245727119079741825553304018330795388583889972520532224284557483586190335690118650071926978461055430404156684443730739009216153573841991/10000000000000000000000000000000000000000000000000000000000000000000000000000000000000000000000000000000000000000000000000000000000000000000000000000000000000000000000000000000000000000000000000000000000000000000000000000000000000000000000000000000000000000000000000000000000000000000000000000000000000000000000 -1158869968939975899442724825411767462170105446427203501762910981605248090968895966984712906326226000629804401251080219337661142460368922123606466778072115089479528733486416124026545763712139359994939986005739925247974841091788005832496708208173456902775463678946290099535806538277865933820927749912630005845021/2500000000000000000000000000000000000000000000000000000000000000000000000000000000000000000000000000000000000000000000000000000000000000000000000000000000000000000000000000000000000000000000000000000000000000000000000000000000000000000000000000000000000000000000000000000000000000000000000000000000000000000000
-6860759189734121649595036372925712299531308893231892856430044133084613296070162033354813713790841150804820615938042787094716854723126772508432850829677628533870416935012152973816948417175405039026660617898643162219304151765824340104440622347173319826127693241212631815730224922316997923012219541384916924671871/10000000000000000000000000000000000000000000000000000000000000000000000000000000000000000000000000000000000000000000000000000000000000000000000000000000000000000000000000000000000000000000000000000000000000000000000000000000000000000000000000000000000000000000000000000000000000000000000000000000000000000000000 5274410233584974999251749952595073154589981133764460982726185126984440154155082869628207301761541993748752706128290673894231444230197202597797789144329807797792857496106289676766523121907795974946378928997201569698112744078693945738600522512091744452615022496465173415534631989413857032884460081057024662091971/10000000000000000000000000000000000000000000000000000000000000000000000000000000000000000000000000000000000000000000000000000000000000000000000000000000000000000000000000000000000000000000000000000000000000000000000000000000000000000000000000000000000000000000000000000000000000000000000000000000000000000000000
-3858826856813247717716737713761129420779819870945761468765276894826014865899372972278372851582610167645668898769911876170839319074891721900122234866206753558541881260727808604078823922481794327291185227858555877566292099334566506248923440157520606624520061330600286068019517501940556357828857688390938351971311/5000000000000000000000000000000000000000000000000000000000000000000000000000000000000000000000000000000000000000000000000000000000000000000000000000000000000000000000000000000000000000000000000000000000000000000000000000000000000000000000000000000000000000000000000000000000000000000000000000000000000000000000 -112362716477747618550036325184229543031356627724312560831242309986134537359862797002777820819753834716901558423227068926898156050107561852451136223810825927603334701652280903353278469262509761825084993965682277752066649673357755732509444093408745020963511771597853118084728822913865966392965397238636425695933/400000000000000000000000000000000000000000000000000000000000000000000000000000000000000000000000000000000000000000000000000000000000000000000000000000000000000000000000000000000000000000000000000000000000000000000000000000000000000000000000000000000000000000000000000000000000000000000000000000000000000000000
8058363541840029429597611634516251927100986649945570923611285568979050659175774282808776645517160235040851066991136727398073133185405860802099205319909761114165029379405436143594900697627760731933468256554409898948728926574293189073236262629040721464255037127241830529713686853041319034734799918066290950240637/10000000000000000000000000000000000000000000000000000000000000000000000000000000000000000000000000000000000000000000000000000000000000000000000000000000000000000000000000000000000000000000000000000000000000000000000000000000000000000000000000000000000000000000000000000000000000000000000000000000000000000000000 692850364452705709672635870475533633564536383939091606685566380881326226353037309025345350773903207113512888567549552140573966660139688982778538470748025649081061223493799465166456498636475260752564314270123333389688030589543930935350246117228439274065896438391674185896477573322578876687473785102482407916157/1250000000000000000000000000000000000000000000000000000000000000000000000000000000000000000000000000000000000000000000000000000000000000000000000000000000000000000000000000000000000000000000000000000000000000000000000000000000000000000000000000000000000000000000000000000000000000000000000000000000000000000000
1107767132401293799746231629102936898278162930198986087153094463710583097522594025347007466001323722374110168802130345971172200433855428283916862858223818504307946899740665626884063515618928296931232345715117492234753470228371824326730178053141261843352154505821316827255445864092333209716724300805150364353829/1250000000000000000000000000000000000000000000000000000000000000000000000000000000000000000000000000000000000000000000000000000000000000000000000000000000000000000000000000000000000000000000000000000000000000000000000000000000000000000000000000000000000000000000000000000000000000000000000000000000000000000000 -3399747853966919943922195045590747523907855217760809599018026191659372054301328208842786402063432099408991518424462644229372446735128840118498982620170372049656344827437738033101851936828653972239188660139337396148918639190754968775465526729850068753992391565596933329490818488372229922176334968496039722776641/5000000000000000000000000000000000000000000000000000000000000000000000000000000000000000000000000000000000000000000000000000000000000000000000000000000000000000000000000000000000000000000000000000000000000000000000000000000000000000000000000000000000000000000000000000000000000000000000000000000000000000000000
6753338942761666960925720565996937344789293470187088102954373796335650096808674386736068388978011092659700918598540227920449695325227808078214550488346794224711416552417309832313818167866898014048631257446249234879081259220266326617990313904072190480463299212051803824345541836814842628345193626779017450302239/10000000000000000000000000000000000000000000000000000000000000000000000000000000000000000000000000000000000000000000000000000000000000000000000000000000000000000000000000000000000000000000000000000000000000000000000000000000000000000000000000000000000000000000000000000000000000000000000000000000000000000000000 1126488701046042039138461097523951698774316968104688253340890557542834522101809674958047193512130652127075761997536288607239047561850466956524832993928285254553549803429658345723536642945190481445560345391604106738070177733193311126856668409957575970375468331672453183286662716483213988647167582954798201250059/2000000000000000000000000000000000000000000000000000000000000000000000000000000000000000000000000000000000000000000000000000000000000000000000000000000000000000000000000000000000000000000000000000000000000000000000000000000000000000000000000000000000000000000000000000000000000000000000000000000000000000000000
5767772112463198014792297568114261974786293624868147467045413402007602040638731841400430240297135478177464847970329254439144620723989900249109110962077467596002379801958501903482450443708165943159356687938855361190268645694605567663390401159552432749952646493305614998492932751656968577614865987649686459267257/10000000000000000000000000000000000000000000000000000000000000000000000000000000000000000000000000000000000000000000000000000000000000000000000000000000000000000000000000000000000000000000000000000000000000000000000000000000000000000000000000000000000000000000000000000000000000000000000000000000000000000000000 -5205390054263387822063606665981991642379214714281794349799489679895133561790280308326021874782358931257578901434137142615650727335386512482736654192656857933871773686536025900079016949639393157760055123841472127409695459062209864782026959893975175392049117460521936078271304831922109116909288595503187365095837/10000000000000000000000000000000000000000000000000000000000000000000000000000000000000000000000000000000000000000000000000000000000000000000000000000000000000000000000000000000000000000000000000000000000000000000000000000000000000000000000000000000000000000000000000000000000000000000000000000000000000000000000

0
-6634232098991654681047775817874273915682830589324114061337402140572113320988093835364355156203389065782859600362450112245220909769662021784497527783707478950480201490523365838414100598465580808845834257212667522310079861392367758667795787122919332334938301482426209639311577202930896979535863800602600555357169/10000000000000000000000000000000000000000000000000000000000000000000000000000000000000000000000000000000000000000000000000000000000000000000000000000000000000000000000000000000000000000000000000000000000000000000000000000000000000000000000000000000000000000000000000000000000000000000000000000000000000000000000 3120296249266868062641112914580654161487051752677713088821622696108499163237465247341972428565947082384040224735628559433495483865608601506057477615277567216071684471813252297698621546790191635851578033833415813129402044275923883715422952115281942449826080907775790804112309114883650730159366043107950227321127/5000000000000000000000000000000000000000000000000000000000000000000000000000000000000000000000000000000000000000000000000000000000000000000000000000000000000000000000000000000000000000000000000000000000000000000000000000000000000000000000000000000000000000000000000000000000000000000000000000000000000000000000
7 7
1 0
0 0
0 0
0 0
0 0
0 0
0 0
0 0
1 0
0 0
0 0
0 0
0 0
0 0
0 0
0 0
1 0
0 0
0 0
0 0
0 0
0 0
0 0
0 0
1 0
0 0
0 0
0 0
0 0
0 0
0 0
0 0
1 0
0 0
0 0
0 0
0 0
0 0
0 0
0 0
1 0
0 0
0 0
0 0
0 0
0 0
0 0
0 0
1 0

7 0

6 0

