         0.2            0         1.28          0.2            0            0   0.00305624   -0.0668855     0.456963     0.546956   -0.0946901   0.00349011     0.336276     0.286891   -0.0210274    0.0247844    -0.395383    -0.379795
    0.199507    0.0262086      1.28199     0.199208    0.0243569    0.0497101   -0.0116145   -0.0999271     0.435303     0.559946   -0.0485772    0.0188021     0.283879     0.274431  -0.00721925    0.0404957    -0.409418    -0.441967
    0.195877    0.0514448      1.28375     0.195219    0.0483716    0.0959517   -0.0323035    -0.131687     0.416421     0.571564  -0.00845668    0.0256188     0.233424     0.264455   0.00633104    0.0521425    -0.424165    -0.499489
    0.189138    0.0754429      1.28518     0.188136    0.0716097     0.136009   -0.0569693    -0.160452     0.400539      0.57981    0.0224038    0.0242183     0.187784     0.255952    0.0172115    0.0587634    -0.438674     -0.54992
    0.179356    0.0979588      1.28624     0.178048    0.0937088     0.167561   -0.0832192    -0.185213     0.387211     0.582825    0.0417928    0.0157838     0.149056     0.247625    0.0233531     0.060368    -0.451573    -0.591786
    0.166619     0.118765      1.28698     0.165015     0.114351     0.188722    -0.108791    -0.205556     0.375664     0.579108    0.0485328   0.00188005     0.118565     0.238219    0.0232596    0.0575026    -0.461396    -0.624321
    0.151075     0.137659      1.28752     0.149097     0.133218     0.198113    -0.131832    -0.221409     0.365183     0.567625     0.042293     -0.01598    0.0971283      0.22677    0.0160262    0.0507851    -0.466879    -0.647099
    0.132993     0.154469      1.28807     0.130421     0.149949     0.194966    -0.150994    -0.232779     0.355437     0.547901    0.0234624   -0.0366125    0.0854182     0.212793   0.00128812    0.0405813     -0.46719     -0.65972
    0.112819     0.169025      1.28882     0.109249      0.16412     0.179273    -0.165455    -0.239576     0.346665     0.520149  -0.00682088   -0.0592944    0.0842315     0.196433   -0.0207779    0.0268899    -0.462136    -0.661634
    0.091179     0.181133      1.28993    0.0859975     0.175267     0.151902    -0.174965    -0.241597     0.339685     0.485417   -0.0465503   -0.0837597    0.0945018     0.178573   -0.0493742   0.00943767    -0.452324    -0.652183
    0.068813     0.190559      1.29148    0.0611727     0.182949     0.114621    -0.179941    -0.238658     0.335672     0.445636   -0.0928316     -0.11005     0.116936      0.16084   -0.0829923     -0.01204    -0.439183    -0.630906
    0.046411      0.19705      1.29347    0.0352766     0.186853    0.0699768    -0.181565    -0.230875     0.335746     0.403425     -0.14216    -0.138229     0.151291     0.145438    -0.119427   -0.0374189    -0.424724    -0.598093
   0.0244132     0.200371      1.29586   0.00873734     0.186909    0.0210315    -0.181715    -0.219011     0.340462     0.361611    -0.191016    -0.168048     0.195598     0.134771    -0.155978   -0.0658565    -0.410999    -0.555402
  0.00288371     0.200333      1.29851   -0.0180618     0.183346   -0.0289603    -0.182581    -0.204689     0.349418     0.322609    -0.236545    -0.198736     0.245935      0.13091    -0.189838   -0.0956854    -0.399466     -0.50613
  -0.0184234     0.196811      1.30121   -0.0446873     0.176646   -0.0768551    -0.185993    -0.190316     0.361176     0.287944    -0.276944    -0.229005     0.297174     0.135034    -0.218557    -0.124613     -0.39057    -0.454721
  -0.0398203     0.189778      1.30371   -0.0705962     0.167382    -0.119821    -0.192783    -0.178672     0.373546     0.258141     -0.31141     -0.25727     0.344406     0.147032    -0.240428    -0.150139     -0.38377    -0.405641
  -0.0614272     0.179359      1.30575   -0.0951838     0.156039    -0.155416    -0.202575    -0.172334     0.384062      0.23295    -0.339793    -0.281919     0.384105     0.165475    -0.254649    -0.169985    -0.377895    -0.362276
  -0.0830492     0.165842      1.30718    -0.117893     0.142897    -0.181601    -0.214089    -0.173237     0.390446     0.211731      -0.3622    -0.301529     0.414442     0.187996    -0.261176    -0.182323    -0.371578      -0.3265
    -0.10421     0.149617      1.30797    -0.138304     0.128029    -0.196756    -0.225709    -0.182494     0.390896     0.193841    -0.378702    -0.314985     0.434893     0.211946    -0.260355    -0.185795    -0.363584    -0.298927
   -0.124268     0.131101      1.30827    -0.156148     0.111375    -0.199764     -0.23604    -0.200455     0.384216     0.178922    -0.389196    -0.321553     0.445625     0.235046    -0.252481    -0.179434    -0.352988    -0.279471
   -0.142537     0.110679      1.30835    -0.171263     0.092849     -0.19016    -0.244316    -0.226824     0.369892     0.167101    -0.393394    -0.320982     0.447057     0.255843     -0.23746    -0.162638    -0.339292    -0.267815
   -0.158396    0.0886855       1.3085    -0.183537    0.0724514    -0.168306    -0.250617    -0.260699     0.348216     0.159057    -0.390924    -0.313652     0.439715     0.273902     -0.21468    -0.135285    -0.322497    -0.263634
   -0.171354    0.0654355      1.30894    -0.192854     0.050337    -0.135484    -0.255844    -0.300516     0.320454     0.155926    -0.381527     -0.30071     0.424345      0.28974    -0.183189   -0.0980077    -0.303151    -0.266534
   -0.181073    0.0412662      1.30977    -0.199096    0.0268302   -0.0938462     -0.26141    -0.343976     0.288973     0.158997     -0.36529     -0.28403     0.402183     0.304517    -0.142217   -0.0524718    -0.282312    -0.275804
   -0.187357    0.0165679      1.31098    -0.202164   0.00238766   -0.0462001     -0.26865    -0.388128      0.25708     0.169234    -0.342867    -0.265931     0.375186     0.319539   -0.0919485  -0.00146148     -0.26136    -0.290132
   -0.190122  -0.00822189      1.31246    -0.202014   -0.0224633   0.00429453    -0.278172    -0.429738     0.228467      0.18681     -0.31558    -0.248633     0.346028     0.335735   -0.0341912    0.0514403    -0.241668    -0.307498
   -0.189357   -0.0326629      1.31408    -0.198686   -0.0471907    0.0544216     -0.28944    -0.465824      0.20637     0.210858    -0.285326    -0.233681     0.317751     0.353322    0.0275177     0.102566    -0.224224    -0.325374
   -0.185093   -0.0563689      1.31569    -0.192294   -0.0713159     0.101131    -0.300823    -0.494134     0.192857     0.239592    -0.254303    -0.221584     0.293166     0.371778    0.0885762     0.148977    -0.209349    -0.341167
   -0.177402   -0.0790354      1.31712    -0.183002   -0.0944487     0.141671    -0.310063    -0.513308     0.188572     0.270717    -0.224655    -0.211851     0.274313     0.390047     0.144389     0.188974    -0.196665    -0.352671
   -0.175261   -0.0963507         1.28    -0.175261   -0.0963507     0.168866    -0.356219    -0.537275     0.226767     0.324805    -0.204835    -0.238226      0.28359     0.442321     0.205985     0.192256    -0.221856    -0.373321
   -0.160921    -0.118616      1.28069    -0.162343    -0.117682     0.190032    -0.352975    -0.536562     0.239272     0.353344    -0.183308    -0.228622     0.279382     0.458145     0.243973     0.220621    -0.209681    -0.370917
   -0.144484    -0.138978      1.28098    -0.146677    -0.137225     0.199498    -0.343107    -0.526263      0.25726     0.378351    -0.167879    -0.218593     0.281453     0.469925     0.268642      0.24307    -0.196955    -0.361557
   -0.126136     -0.15684      1.28122    -0.128279     -0.15445     0.196461    -0.326035    -0.505963     0.279332     0.398949    -0.159174     -0.20746     0.289119     0.476462     0.278585     0.259719    -0.183544    -0.345346
   -0.106024    -0.171646      1.28177    -0.107221    -0.168815     0.180872    -0.301913    -0.475172     0.304402      0.41474    -0.157582    -0.195126     0.301764     0.476982      0.27303     0.270196    -0.169934    -0.322666
  -0.0842768    -0.183032      1.28293   -0.0837597    -0.179926     0.153584    -0.271743    -0.433717      0.33178     0.425816    -0.163238    -0.182126     0.318926     0.471446     0.252279     0.273604     -0.15728    -0.294209
   -0.061079    -0.190946      1.28474   -0.0583994     -0.18765     0.116386    -0.237392    -0.382315     0.361041     0.432781    -0.175903    -0.169546     0.340219     0.460788     0.218334     0.268724    -0.147273    -0.261072
  -0.0367219    -0.195659      1.28702   -0.0318592    -0.192086    0.0718327    -0.201333    -0.323013     0.391693     0.436714    -0.194734    -0.158707     0.365106     0.446863     0.175198     0.254441    -0.141832    -0.224857
  -0.0115977    -0.197632      1.28946  -0.00493891    -0.193401    0.0229501      -0.1661    -0.259198     0.422841      0.43901    -0.218066    -0.150676     0.392661     0.432004     0.128345      0.23035    -0.142617    -0.187682
   0.0138551    -0.197302      1.29178    0.0216242    -0.191678   -0.0270777    -0.133676    -0.195034     0.453094     0.441078    -0.243403    -0.145812     0.421462     0.418311    0.0833411     0.197369    -0.150509    -0.152028
   0.0391836    -0.194885      1.29378    0.0472505    -0.186889   -0.0751441    -0.105119    -0.134587     0.480803     0.443962    -0.267772    -0.143574     0.449685     0.406992    0.0442898     0.158023    -0.165267    -0.120451
   0.0639086    -0.190311      1.29537    0.0715505       -0.179    -0.118378   -0.0805617   -0.0810716     0.504428     0.448088    -0.288337    -0.142655     0.475352     0.398101    0.0130378      0.11611    -0.185548   -0.0952543
    0.087519    -0.183284      1.29653    0.0943074    -0.168104    -0.154247    -0.059485   -0.0365586     0.522803     0.453284    -0.302943    -0.141327     0.496577     0.390742   -0.0105639    0.0757991    -0.209286   -0.0782417
    0.109516    -0.173443      1.29729     0.115422    -0.154468    -0.180637   -0.0410746  -0.00209957     0.535193     0.459048    -0.310311    -0.137785     0.511724     0.383546   -0.0277911    0.0406635    -0.234224   -0.0706592
    0.129482    -0.160507      1.29776     0.134833     -0.13848    -0.195909   -0.0245275     0.021941     0.541212     0.464876    -0.309864    -0.130411      0.51944     0.375138    -0.040168    0.0131403    -0.258389   -0.0732928
    0.147126     -0.14437      1.29811     0.152443    -0.120537    -0.198977  -0.00929874    0.0355761     0.540728     0.470504    -0.301395    -0.117993     0.518623     0.364479    -0.048889  -0.00546917    -0.280354    -0.086632
    0.162278    -0.125157      1.29855     0.168063    -0.100951    -0.189412   0.00468969    0.0390224      0.53384     0.476021    -0.284807   -0.0999562     0.508409     0.351072   -0.0545543   -0.0147464    -0.299346    -0.110965
    0.174832    -0.103222      1.29927     0.181405   -0.0799181     -0.16758    0.0168837    0.0326889      0.52095     0.481885    -0.260075   -0.0766408     0.488253     0.335076   -0.0571511   -0.0149702    -0.315252      -0.1463
    0.184681   -0.0791184      1.30039     0.192126   -0.0575665    -0.134736    0.0260528    0.0172938     0.502891     0.488803    -0.227464    -0.049547     0.458129     0.317315   -0.0562376  -0.00713444    -0.328601    -0.192092
    0.191675   -0.0535079       1.3019     0.199898   -0.0340486   -0.0930051    0.0304844   -0.0059656     0.481017     0.497482    -0.187925   -0.0213195     0.418775     0.299102   -0.0513151   0.00692598    -0.340454     -0.24688
    0.195635    -0.027048       1.3037     0.204484  -0.00962242   -0.0451896    0.0284678   -0.0352966     0.457135     0.508257    -0.143451   0.00470109     0.371881     0.281887   -0.0423084    0.0245484    -0.352145    -0.308067
    0.196429 -0.000306376      1.30564     0.205771    0.0153308   0.00553631    0.0189347   -0.0683695     0.433238     0.520764   -0.0971348    0.0252991     0.320077     0.266799   -0.0299626    0.0426065    -0.364853    -0.372121