                (1.87004,0)               (-0.523587,0)               (0,-0.926899)               (0,-0.105691)                (0,0.715478)                       (0,0)             (1.5708,1.5263)           (1.5708,0.691399)          (1.5708,-0.199792)          (1.5708,-0.523049)           (1.5708,0.377184)            (1.5708,1.39851)      (0.58897,-1.79741e-16)     (0.627358,-9.45687e-17)      (0.384532,8.80329e-17)      (0.591043,-9.4887e-17)     (0.152795,-1.63671e-17)    (-0.0749872,2.50983e-17)
      (1.89273,7.21587e-23)     (-0.496254,1.70346e-22)     (8.36842e-23,-0.949611)     (-4.7357e-23,-0.104205)      (2.15212e-25,0.717854)  (8.81406e-17,-3.22032e-23)            (1.5708,1.53353)           (1.5708,0.697911)          (1.5708,-0.193068)          (1.5708,-0.507732)           (1.5708,0.390848)             (1.5708,1.4077)     (0.570773,-3.66488e-23)      (0.609393,-8.1938e-23)      (0.36573,-1.98298e-22)     (0.566361,-2.87216e-22)     (0.127127,-1.96114e-22)   (-0.0951996,-2.32856e-23)
     (1.91597,-2.41427e-23)     (-0.469332,4.31956e-23)    (-3.03958e-23,-0.973161)    (-2.11882e-23,-0.102598)       (7.8313e-24,0.720541)  (9.12148e-16,-9.75651e-24)             (1.5708,1.5419)           (1.5708,0.704572)          (1.5708,-0.187534)          (1.5708,-0.494721)           (1.5708,0.404642)            (1.5708,1.41804)     (0.552707,-1.38921e-23)      (0.591545,2.05601e-23)     (0.347586,-6.74904e-23)     (0.542883,-9.52522e-23)     (0.102255,-5.76278e-23)     (-0.114831,5.73171e-24)
      (1.93948,3.29003e-23)     (-0.443248,2.92183e-23)     (4.99038e-23,-0.997243)    (-3.02407e-24,-0.100901)     (-3.69687e-24,0.723489) (-1.76621e-16,-2.64389e-24)            (1.5708,1.55122)           (1.5708,0.711294)          (1.5708,-0.183216)          (1.5708,-0.484018)           (1.5708,0.418375)            (1.5708,1.42934)      (0.53506,-3.47116e-23)      (0.574099,1.82223e-23)     (0.330331,-3.04571e-23)     (0.520859,-3.96415e-23)     (0.0785579,-3.4045e-23)    (-0.133581,-1.92524e-23)
     (1.96301,-3.35682e-23)     (-0.418414,-1.2908e-23)     (-3.73686e-23,-1.02158)    (2.71541e-24,-0.0991458)      (5.21597e-24,0.726646)     (4.41831e-17,4.461e-24)            (1.5708,1.56134)           (1.5708,0.717997)          (1.5708,-0.180118)          (1.5708,-0.475595)           (1.5708,0.431887)            (1.5708,1.44141)     (0.518114,-1.89285e-23)      (0.557336,4.49126e-23)      (0.314187,1.29471e-23)       (0.500529,1.0845e-23)     (0.0563742,9.48839e-24)    (-0.151177,-1.10648e-24)
      (1.98635,-3.7762e-23)     (-0.395223,-2.2601e-23)     (-4.96756e-23,-1.04591)     (5.6748e-24,-0.0973623)      (4.98174e-24,0.729961)  (-1.00907e-17,8.12925e-24)            (1.5708,1.57208)            (1.5708,0.72461)          (1.5708,-0.178225)          (1.5708,-0.469408)           (1.5708,0.445042)            (1.5708,1.45405)      (0.50214,-5.62855e-24)      (0.541522,2.27543e-23)      (0.299364,2.88991e-23)      (0.482117,3.42263e-23)     (0.0359974,2.24686e-23)     (-0.167369,1.52938e-24)
      (2.00931,1.53927e-23)     (-0.37404,-8.62658e-24)         (2.75927e-23,-1.07)    (1.31583e-24,-0.0955772)     (-3.26189e-24,0.733385)   (1.86919e-16,9.85978e-25)            (1.5708,1.58326)           (1.5708,0.731069)          (1.5708,-0.177509)          (1.5708,-0.465392)           (1.5708,0.457724)            (1.5708,1.46707)     (0.487395,-1.43747e-23)      (0.526904,4.08318e-23)      (0.286059,5.06683e-24)      (0.465835,7.43042e-24)      (0.0176782,4.7036e-24)    (-0.181938,-5.14548e-24)
     (2.03171,-1.18328e-24)     (-0.355199,6.98391e-23)     (-3.07594e-24,-1.09364)   (-1.48838e-23,-0.0938153)      (3.77832e-24,0.736872)   (5.55294e-16,-9.2142e-24)             (1.5708,1.5947)           (1.5708,0.737317)          (1.5708,-0.177928)          (1.5708,-0.463473)           (1.5708,0.469837)            (1.5708,1.48029)     (0.474115,-2.29492e-23)      (0.51371,-3.18439e-23)     (0.274454,-7.39198e-23)     (0.451881,-1.03628e-22)   (0.00162483,-7.26771e-23)    (-0.194694,-1.92432e-23)
      (2.0534,-5.33796e-24)     (-0.338996,6.44364e-24)     (-4.04266e-24,-1.11662)   (-2.31311e-24,-0.0920989)      (8.16376e-25,0.740374)  (5.00132e-16,-3.11227e-25)            (1.5708,1.60624)           (1.5708,0.743298)          (1.5708,-0.179428)          (1.5708,-0.463568)           (1.5708,0.481294)             (1.5708,1.4935)     (0.462512,-1.89524e-23)      (0.502143,3.44529e-23)     (0.264717,-1.35161e-23)     (0.440439,-1.64223e-23)    (-0.011995,-1.11946e-23)    (-0.205477,-5.93309e-24)
      (2.07419,2.94318e-24)     (-0.325684,-1.0536e-22)      (7.45744e-24,-1.13872)    (1.74399e-23,-0.0904484)     (-5.46558e-24,0.743848)   (9.94305e-16,1.33777e-23)             (1.5708,1.6177)           (1.5708,0.748962)          (1.5708,-0.181949)          (1.5708,-0.465588)           (1.5708,0.492019)            (1.5708,1.50655)      (0.452771,3.52842e-23)      (0.492377,5.19865e-23)      (0.256994,1.11712e-22)       (0.431675,1.5309e-22)    (-0.0230527,1.03272e-22)     (-0.214156,3.11915e-23)
     (2.09393,-1.48282e-23)    (-0.315472,-8.48611e-23)     (-1.62512e-23,-1.15974)    (1.32385e-23,-0.0888819)     (-1.39986e-24,0.747253)  (-2.61292e-16,1.09182e-23)            (1.5708,1.62892)           (1.5708,0.754259)          (1.5708,-0.185424)          (1.5708,-0.469444)           (1.5708,0.501942)            (1.5708,1.51925)      (0.445044,3.41361e-23)      (0.484556,4.00288e-23)      (0.251415,9.01867e-23)      (0.425736,1.15707e-22)     (-0.031457,8.28185e-23)     (-0.220635,2.81884e-23)
      (2.11242,2.24073e-23)     (-0.308518,1.21088e-22)      (2.79806e-23,-1.17947)   (-1.94622e-23,-0.0874154)      (2.12318e-24,0.750547) (-4.50678e-16,-1.72249e-23)            (1.5708,1.63975)           (1.5708,0.759141)          (1.5708,-0.189782)          (1.5708,-0.475047)           (1.5708,0.510994)            (1.5708,1.53145)     (0.439447,-3.71412e-23)     (0.478788,-7.07163e-23)     (0.248085,-1.28431e-22)     (0.422748,-1.71792e-22)   (-0.0371519,-1.16439e-22)    (-0.224847,-3.36476e-23)
     (2.12946,-1.56624e-23)    (-0.304931,-3.31831e-23)     (-2.03137e-23,-1.19766)    (7.40511e-24,-0.0860634)      (9.70727e-25,0.753692)  (-4.87062e-17,5.89351e-24)            (1.5708,1.65003)           (1.5708,0.763557)          (1.5708,-0.194951)          (1.5708,-0.482312)           (1.5708,0.519105)            (1.5708,1.54298)      (0.436061,7.96243e-24)      (0.475148,1.24797e-23)      (0.247083,4.01579e-23)       (0.422808,5.4167e-23)     (-0.040115,3.34166e-23)     (-0.226755,5.65013e-24)
      (2.14482,1.55813e-23)     (-0.304764,1.22754e-22)      (1.80504e-23,-1.21409)   (-2.19484e-23,-0.0848386)      (2.60308e-24,0.756651) (-3.85578e-16,-1.66179e-23)            (1.5708,1.65964)           (1.5708,0.767459)           (1.5708,-0.20086)          (1.5708,-0.491163)           (1.5708,0.526208)             (1.5708,1.5537)      (0.434927,-3.6892e-23)     (0.473677,-6.31582e-23)      (0.24846,-1.33065e-22)     (0.425984,-1.83815e-22)    (-0.040355,-1.19328e-22)    (-0.226354,-3.29983e-23)
     (2.15826,-8.87905e-24)     (-0.308018,2.06663e-23)     (-1.12979e-23,-1.22849)   (-3.15783e-24,-0.0837525)      (1.84224e-24,0.759389) (-2.58917e-16,-2.42897e-24)            (1.5708,1.66845)           (1.5708,0.770795)           (1.5708,-0.20744)          (1.5708,-0.501529)            (1.5708,0.53223)            (1.5708,1.56349)      (0.436048,-1.6383e-23)      (0.474378,7.00593e-24)     (0.252236,-2.39733e-23)     (0.432309,-3.41525e-23)   (-0.0379104,-2.22519e-23)     (-0.223668,-7.8784e-24)
       (2.1695,1.30713e-23)     (-0.314641,6.32605e-23)      (1.44652e-23,-1.24059)    (-1.0491e-23,-0.0828149)      (7.32848e-25,0.761872) (-2.46276e-16,-8.58212e-24)            (1.5708,1.67636)           (1.5708,0.773514)          (1.5708,-0.214624)          (1.5708,-0.513349)             (1.5708,0.5371)            (1.5708,1.57221)     (0.439389,-1.71489e-23)     (0.477222,-3.80358e-23)     (0.258397,-7.02803e-23)      (0.441776,-9.4164e-23)    (-0.0328465,-5.8702e-23)     (-0.21875,-1.64845e-23)
     (2.17828,-1.04462e-23)    (-0.324527,-3.35044e-23)     (-1.19454e-23,-1.25012)    (5.01489e-24,-0.0820346)     (-1.20739e-26,0.764072)    (3.0791e-16,3.66213e-24)            (1.5708,1.68327)           (1.5708,0.775564)           (1.5708,-0.22235)          (1.5708,-0.526574)           (1.5708,0.540744)            (1.5708,1.57977)       (0.44488,1.10729e-23)      (0.482147,2.10635e-23)       (0.266893,3.4631e-23)      (0.454337,4.90215e-23)    (-0.0252541,3.07192e-23)      (-0.21168,1.04012e-23)
     (2.18433,-1.57295e-23)    (-0.337517,-7.11571e-23)     (-1.64126e-23,-1.25683)    (9.84743e-24,-0.0814192)     (-8.60801e-25,0.765957)   (5.31638e-16,7.13313e-24)            (1.5708,1.68909)           (1.5708,0.776896)          (1.5708,-0.230556)          (1.5708,-0.541159)           (1.5708,0.543089)            (1.5708,1.58607)      (0.452416,3.08777e-23)      (0.489061,3.30101e-23)       (0.277637,7.5027e-23)      (0.469894,1.05951e-22)    (-0.0152468,6.57026e-23)     (-0.202561,2.53913e-23)
      (2.18739,7.53881e-24)     (-0.353407,1.19203e-23)      (9.63469e-24,-1.26046)   (-4.80917e-24,-0.0809754)     (-6.64206e-25,0.767504)  (6.55563e-17,-3.60927e-24)            (1.5708,1.69377)           (1.5708,0.777463)          (1.5708,-0.239184)          (1.5708,-0.557065)           (1.5708,0.544065)            (1.5708,1.59102)      (0.461866,3.36449e-24)     (0.497847,-5.06839e-24)     (0.290504,-1.89095e-23)     (0.488302,-2.75447e-23)  (-0.00295978,-1.24075e-23)     (-0.191524,2.42768e-24)
     (2.18722,-1.72818e-23)    (-0.371945,-9.80039e-23)     (-9.86197e-24,-1.26079)    (1.53271e-23,-0.0807086)     (-2.11646e-24,0.768689)   (1.46257e-16,9.79521e-24)            (1.5708,1.69723)           (1.5708,0.777223)          (1.5708,-0.248174)          (1.5708,-0.574254)           (1.5708,0.543605)            (1.5708,1.59457)       (0.47307,3.59529e-23)        (0.508362,5.178e-23)       (0.305327,1.0362e-22)      (0.509363,1.54516e-22)      (0.0114524,9.2202e-23)     (-0.178717,3.19954e-23)
      (2.18363,6.47065e-23)     (-0.392838,7.45128e-23)      (7.88576e-23,-1.25766)   (-4.08296e-24,-0.0806233)     (-4.72643e-24,0.769492)  (1.50527e-18,-5.52351e-24)            (1.5708,1.69945)           (1.5708,0.776141)          (1.5708,-0.257462)          (1.5708,-0.592681)            (1.5708,0.54165)            (1.5708,1.59665)     (0.485846,-4.38412e-23)     (0.520442,-5.25822e-23)     (0.321906,-6.59833e-23)     (0.532826,-9.20985e-23)     (0.027817,-5.86039e-23)    (-0.164311,-4.09534e-23)
      (2.1765,-7.47539e-24)    (-0.415758,-9.37453e-23)      (1.60454e-24,-1.25093)    (3.88181e-24,-0.0807232)     (-3.27697e-24,0.769895)   (4.83261e-16,3.58123e-24)            (1.5708,1.70038)           (1.5708,0.774191)          (1.5708,-0.266975)          (1.5708,-0.612285)           (1.5708,0.538151)            (1.5708,1.59722)      (0.499994,3.58211e-23)      (0.533905,9.52542e-23)       (0.339999,7.5327e-23)      (0.558387,9.96163e-23)     (0.0459437,6.94759e-23)       (-0.148496,6.708e-23)
     (2.16576,-6.40599e-23)     (-0.440344,1.90602e-24)      (-8.7038e-23,-1.24056)    (4.50805e-24,-0.0810107)      (8.17611e-24,0.769887)   (1.18127e-15,7.55934e-24)            (1.5708,1.70001)            (1.5708,0.77136)          (1.5708,-0.276632)          (1.5708,-0.632979)           (1.5708,0.533075)            (1.5708,1.59627)     (0.515299,-2.43226e-23)     (0.548554,-8.98972e-24)      (0.359333,2.52919e-23)     (0.585689,-4.85096e-25)     (0.0656256,1.98803e-23)    (-0.131478,-1.99109e-23)
     (2.15142,-2.46972e-22)    (-0.466208,-3.39586e-22)     (-2.36844e-22,-1.22659)    (3.21886e-23,-0.0814869)      (1.30699e-23,0.769456)   (5.91406e-16,3.25531e-23)            (1.5708,1.69834)           (1.5708,0.767646)          (1.5708,-0.286334)           (1.5708,-0.65464)           (1.5708,0.526401)            (1.5708,1.59377)      (0.531532,6.54837e-23)      (0.564178,3.94985e-22)      (0.379601,3.52624e-22)      (0.614326,4.28859e-22)     (0.0866392,2.69956e-22)     (-0.113478,1.32441e-22)
      (2.1336,-3.61048e-22)    (-0.492944,-6.19347e-22)     (-3.96475e-22,-1.20912)    (9.15816e-23,-0.0821516)      (1.11053e-23,0.768597)   (-2.04065e-16,7.4718e-23)            (1.5708,1.69536)           (1.5708,0.763068)          (1.5708,-0.295965)           (1.5708,-0.67709)           (1.5708,0.518135)            (1.5708,1.58974)      (0.548456,2.13716e-22)      (0.580555,3.83931e-22)      (0.400472,7.19752e-22)      (0.643845,1.03238e-21)       (0.108744,5.7678e-22)     (-0.0947358,1.9318e-22)
      (2.11251,1.60286e-22)     (-0.520133,2.19433e-22)      (1.79286e-22,-1.18836)   (-2.91133e-23,-0.0830032)     (-7.53104e-24,0.767311)  (8.48517e-16,-3.08348e-23)             (1.5708,1.6911)           (1.5708,0.757658)          (1.5708,-0.305387)          (1.5708,-0.700085)           (1.5708,0.508304)            (1.5708,1.58418)     (0.565826,-7.54814e-23)     (0.597456,-8.76593e-23)      (0.421591,-2.6165e-22)      (0.67375,-3.89403e-22)     (0.131682,-2.18663e-22)   (-0.0755012,-9.37576e-23)
      (2.08845,3.12314e-23)    (-0.547347,-1.73422e-22)      (1.13041e-22,-1.16462)   (-1.23557e-23,-0.0840378)     (-1.80335e-23,0.765601)  (1.85175e-15,-5.89429e-24)            (1.5708,1.68559)           (1.5708,0.751474)          (1.5708,-0.314439)          (1.5708,-0.723298)           (1.5708,0.496967)            (1.5708,1.57714)      (0.583393,1.51438e-22)      (0.614641,1.14153e-22)      (0.442588,1.22525e-22)       (0.70351,1.66531e-22)      (0.155176,1.41356e-22)     (-0.056039,1.58751e-22)
     (2.06182,-1.18024e-22)     (-0.57416,-9.91226e-23)      (-9.44681e-23,-1.1383)   (-1.97394e-23,-0.0852492)      (9.03691e-24,0.763479)  (1.42786e-15,-1.58013e-23)            (1.5708,1.67888)           (1.5708,0.744592)          (1.5708,-0.322939)          (1.5708,-0.746306)           (1.5708,0.484217)            (1.5708,1.56868)      (0.600903,1.65343e-22)      (0.631866,1.22068e-22)      (0.463085,3.38317e-23)      (0.732566,-6.7738e-23)       (0.178929,6.4005e-23)    (-0.0366257,1.23038e-22)
     (2.03312,-8.91542e-23)     (-0.600151,2.30805e-22)     (-1.95071e-22,-1.10987)   (-1.40232e-23,-0.0866287)       (2.5916e-23,0.760962)  (2.01952e-15,-1.24412e-23)            (1.5708,1.67103)           (1.5708,0.737112)          (1.5708,-0.330688)          (1.5708,-0.768583)           (1.5708,0.470188)            (1.5708,1.55888)       (0.618103,-1.011e-22)     (0.648883,-2.72731e-22)     (0.482705,-1.87403e-22)      (0.76034,-3.35687e-22)     (0.202627,-1.93283e-22)   (-0.0175474,-1.04422e-22)
      (2.00291,2.25646e-22)       (-0.624913,2.034e-22)      (2.36813e-22,-1.07987)    (3.65878e-24,-0.0881639)     (-1.79431e-23,0.758075)  (8.93297e-16,-1.93693e-23)            (1.5708,1.66213)           (1.5708,0.729157)          (1.5708,-0.337474)          (1.5708,-0.789503)           (1.5708,0.455054)            (1.5708,1.54783)     (0.634738,-9.66709e-23)     (0.665442,-2.66994e-22)      (0.50108,-1.89753e-22)     (0.786248,-1.79753e-22)     (0.225929,-1.47919e-22)  (0.000901616,-1.40446e-22)
     (1.97183,-8.42747e-23)    (-0.648058,-6.03106e-23)     (-9.16969e-23,-1.04893)    (2.89146e-26,-0.0898391)      (9.59265e-24,0.754853)  (1.18494e-15,-1.03879e-23)            (1.5708,1.65226)            (1.5708,0.72087)          (1.5708,-0.343079)          (1.5708,-0.808349)            (1.5708,0.43904)            (1.5708,1.53567)      (0.650558,1.18462e-22)      (0.68129,-5.72703e-23)      (0.517859,5.44588e-23)      (0.809718,4.35725e-23)      (0.248481,6.16145e-23)     (0.0184224,8.87658e-23)
      (1.94054,2.00615e-22)     (-0.669222,2.30507e-22)      (2.16041e-22,-1.01769)    (-4.12886e-23,-0.091634)     (-9.62114e-24,0.751337)  (7.45188e-16,-2.99299e-23)            (1.5708,1.64156)           (1.5708,0.712417)          (1.5708,-0.347295)          (1.5708,-0.824353)           (1.5708,0.422417)            (1.5708,1.52257)     (0.665318,-6.63455e-23)      (0.69618,-1.77095e-22)     (0.532722,-2.67042e-22)     (0.830207,-4.50052e-22)     (0.269905,-2.51009e-22)    (0.0347154,-6.57152e-23)
     (1.90975,-5.75469e-24)     (-0.688074,1.77884e-23)    (-2.15888e-23,-0.986809)    (-1.19835e-24,-0.093524)       (2.91319e-24,0.74758)  (7.38743e-16,-1.39993e-24)            (1.5708,1.63017)           (1.5708,0.703976)          (1.5708,-0.349936)          (1.5708,-0.836744)           (1.5708,0.405508)             (1.5708,1.5087)      (0.678783,1.64279e-24)      (0.70987,-2.65583e-23)     (0.545384,-1.92432e-23)     (0.847227,-3.30264e-23)     (0.289812,-1.68293e-23)    (0.0494857,-4.44826e-24)
      (1.88014,-2.9087e-22)    (-0.704318,-3.33004e-22)    (-3.19206e-22,-0.956958)    (6.57896e-23,-0.0954797)       (1.1736e-23,0.743643)    (2.0426e-16,4.94675e-23)            (1.5708,1.61825)           (1.5708,0.695738)           (1.5708,-0.35085)          (1.5708,-0.844821)           (1.5708,0.388676)            (1.5708,1.49429)      (0.690731,1.00284e-22)      (0.722127,2.10626e-22)      (0.555609,4.19709e-22)      (0.860372,7.00779e-22)      (0.307807,3.70348e-22)     (0.0624495,9.21444e-23)
      (1.85238,1.57739e-23)     (-0.717697,3.31731e-23)     (1.42194e-23,-0.928775)   (-1.29873e-24,-0.0974669)      (1.05562e-24,0.739595) (-5.60378e-17,-3.14328e-24)            (1.5708,1.60599)           (1.5708,0.687897)          (1.5708,-0.349934)          (1.5708,-0.848029)           (1.5708,0.372325)            (1.5708,1.47958)     (0.700955,-2.43153e-23)     (0.732734,-8.47699e-24)      (0.563215,-3.5734e-23)     (0.869336,-6.27041e-23)      (0.323493,-3.9754e-23)    (0.0733419,-1.70362e-23)
     (1.82708,-4.94842e-24)    (-0.727999,-2.03387e-23)    (-6.36797e-24,-0.902853)   (-4.83634e-25,-0.0994474)     (-1.98639e-24,0.735513)    (6.42789e-16,3.5875e-24)             (1.5708,1.5936)           (1.5708,0.680643)          (1.5708,-0.347146)          (1.5708,-0.846038)           (1.5708,0.356878)            (1.5708,1.46485)      (0.709275,1.84563e-23)     (0.741496,-4.57259e-24)      (0.568078,2.88664e-23)       (0.87394,4.07665e-23)      (0.336491,2.14582e-23)     (0.0819251,1.12123e-23)
     (1.80478,-6.08508e-23)    (-0.735062,-7.02542e-23)    (-6.81533e-23,-0.879722)      (1.06821e-23,-0.10138)      (2.29773e-24,0.731481)   (6.07319e-16,9.76627e-24)            (1.5708,1.58131)           (1.5708,0.674153)           (1.5708,-0.34251)           (1.5708,-0.83879)           (1.5708,0.342763)            (1.5708,1.45039)      (0.715533,3.72666e-23)       (0.74824,2.65278e-23)      (0.570138,9.26873e-23)       (0.87414,1.36186e-22)      (0.346452,7.98041e-23)     (0.0879977,2.72668e-23)
      (1.78594,9.42453e-23)     (-0.738769,1.32028e-22)     (9.69468e-23,-0.859827)     (-3.05993e-23,-0.10322)     (-7.36596e-25,0.727584)  (2.74544e-16,-1.98995e-23)            (1.5708,1.56934)           (1.5708,0.668584)           (1.5708,-0.33612)          (1.5708,-0.826519)           (1.5708,0.330388)            (1.5708,1.43648)     (0.719607,-3.87425e-23)      (0.75283,-6.84517e-23)     (0.569397,-1.70493e-22)     (0.870025,-2.90222e-22)     (0.353074,-1.59035e-22)    (0.0914033,-3.45953e-23)
      (1.77089,9.39838e-23)      (-0.73906,1.09681e-22)     (1.03314e-22,-0.843521)      (-2.526e-23,-0.104925)     (-4.37164e-24,0.723907) (-2.73572e-16,-1.49532e-23)            (1.5708,1.55796)           (1.5708,0.664063)          (1.5708,-0.328131)          (1.5708,-0.809718)           (1.5708,0.320118)            (1.5708,1.42344)      (0.721411,-5.1871e-23)     (0.755162,-4.02555e-23)     (0.565916,-1.30405e-22)     (0.861811,-2.34699e-22)      (0.35612,-1.33606e-22)     (0.0920385,-3.8547e-23)
     (1.75987,-1.46096e-22)    (-0.735925,-1.55064e-22)    (-1.62169e-22,-0.831052)      (3.6175e-23,-0.106451)      (6.47244e-24,0.720532)   (2.86829e-16,2.92059e-23)            (1.5708,1.54738)           (1.5708,0.660682)          (1.5708,-0.318756)          (1.5708,-0.789089)           (1.5708,0.312247)            (1.5708,1.41155)      (0.720897,2.82837e-23)       (0.755177,1.1289e-22)      (0.559811,1.95456e-22)      (0.849813,3.27464e-22)       (0.35544,1.84349e-22)      (0.089859,3.17343e-23)
      (1.75298,1.84233e-22)      (-0.72941,2.31229e-22)     (1.96967e-22,-0.822566)     (-6.02725e-23,-0.10776)     (-5.52276e-24,0.717534)  (1.04564e-16,-4.52966e-23)            (1.5708,1.53784)           (1.5708,0.658493)           (1.5708,-0.30825)          (1.5708,-0.765459)           (1.5708,0.306978)            (1.5708,1.40107)     (0.718062,-3.06455e-23)     (0.752859,-1.56727e-22)     (0.551246,-3.02036e-22)      (0.834423,-4.9678e-22)     (0.350976,-2.76373e-22)    (0.0848838,-4.02915e-23)
      (1.75023,9.53032e-23)     (-0.719613,2.06682e-22)     (8.00679e-23,-0.818103)    (-3.49596e-23,-0.108818)      (4.32069e-24,0.714977) (-2.73825e-16,-1.85402e-23)            (1.5708,1.52954)           (1.5708,0.657512)          (1.5708,-0.296892)          (1.5708,-0.739702)           (1.5708,0.304412)            (1.5708,1.39221)     (0.712944,-1.33905e-22)     (0.748236,-1.01334e-22)     (0.540424,-1.97504e-22)     (0.816081,-3.79047e-22)     (0.342778,-2.45988e-22)    (0.0771963,-8.76508e-23)
       (1.75149,5.9826e-22)     (-0.706685,6.58415e-22)     (6.58679e-22,-0.817604)      (-1.18131e-22,-0.1096)     (-3.54796e-23,0.712912) (-1.02523e-15,-1.04927e-22)            (1.5708,1.52266)           (1.5708,0.657716)          (1.5708,-0.284975)          (1.5708,-0.712673)           (1.5708,0.304543)            (1.5708,1.38517)     (0.705624,-1.55361e-22)     (0.741382,-6.35575e-22)     (0.527579,-7.01715e-22)     (0.795251,-1.14713e-21)     (0.331002,-6.93758e-22)    (0.0669421,-2.34109e-22)
     (1.75657,-2.20892e-22)     (-0.690829,9.32984e-23)    (-2.39057e-22,-0.820927)     (-1.4576e-23,-0.110089)      (5.55579e-23,0.711376)   (-1.8502e-15,1.02969e-23)            (1.5708,1.51732)           (1.5708,0.659049)           (1.5708,-0.27279)          (1.5708,-0.685155)           (1.5708,0.307264)            (1.5708,1.38006)     (0.696223,-9.17243e-23)      (0.732415,8.13422e-23)     (0.512969,-7.93857e-23)     (0.772399,-2.42073e-22)     (0.315906,-1.19425e-22)    (0.0543245,-7.39689e-23)
      (1.76519,1.52249e-22)     (-0.672292,1.49806e-22)     (9.38185e-23,-0.827849)    (-5.00546e-23,-0.110276)      (-1.59457e-23,0.71039)   (-1.9119e-15,-2.4546e-23)            (1.5708,1.51363)           (1.5708,0.661429)          (1.5708,-0.260612)          (1.5708,-0.657835)           (1.5708,0.312383)            (1.5708,1.37696)        (0.6849,1.04147e-23)     (0.721492,-1.18721e-22)     (0.496864,-2.22897e-22)     (0.747979,-2.73325e-22)     (0.297834,-1.68711e-22)     (0.0395969,-1.3993e-23)
     (1.77699,-8.16038e-23)     (-0.651368,3.20519e-23)    (-5.79507e-23,-0.838091)    (-4.93672e-23,-0.110163)      (1.79196e-23,0.709961) (-1.29493e-15,-2.34051e-24)            (1.5708,1.51164)           (1.5708,0.664753)          (1.5708,-0.248694)          (1.5708,-0.631287)           (1.5708,0.319641)            (1.5708,1.37589)      (0.671845,7.15829e-23)      (0.708802,-3.2504e-23)     (0.479545,-6.31015e-24)     (0.722426,-2.36216e-22)     (0.277205,-6.41001e-23)      (0.023054,6.17543e-23)
       (1.7916,6.17596e-23)     (-0.628388,3.89252e-22)     (3.76432e-23,-0.851326)    (-9.94793e-23,-0.109761)      (2.65963e-23,0.710079) (-1.37332e-15,-4.36999e-23)            (1.5708,1.51136)           (1.5708,0.668908)          (1.5708,-0.237262)          (1.5708,-0.605976)           (1.5708,0.328738)            (1.5708,1.37681)      (0.657276,-1.5749e-22)     (0.694569,-1.50701e-22)     (0.461295,-4.50094e-22)     (0.696149,-6.67843e-22)     (0.254486,-4.92791e-22)     (0.00502113,-9.209e-23)
      (1.80861,2.70512e-22)      (-0.603718,5.3234e-22)     (2.83504e-22,-0.867197)    (-1.34571e-22,-0.109087)     (-6.41099e-24,0.710725) (-4.26919e-16,-5.66387e-23)            (1.5708,1.51276)            (1.5708,0.67377)           (1.5708,-0.22651)          (1.5708,-0.582262)           (1.5708,0.339355)            (1.5708,1.37966)     (0.641438,-2.60225e-22)     (0.679036,-1.69346e-22)      (0.442394,-5.6605e-22)      (0.66953,-8.85472e-22)     (0.230178,-6.27763e-22)   (-0.0141557,-2.03251e-22)
      (1.82762,3.10315e-22)      (-0.57775,6.90924e-22)     (3.04301e-22,-0.885332)    (-1.79267e-22,-0.108164)      (6.88407e-24,0.711867) (-2.78321e-16,-1.06941e-22)            (1.5708,1.51578)           (1.5708,0.679219)          (1.5708,-0.216599)          (1.5708,-0.560418)           (1.5708,0.351169)            (1.5708,1.38432)     (0.624589,-1.28918e-22)       (0.66247,-4.5859e-22)     (0.423121,-7.69953e-22)      (0.642924,-1.1465e-21)     (0.204792,-7.98457e-22)   (-0.0341202,-1.56719e-22)
     (1.84822,-2.83304e-22)    (-0.550897,-3.69247e-22)    (-3.26327e-22,-0.905355)     (6.32056e-23,-0.107022)      (1.81169e-23,0.713467)   (3.07893e-16,5.15203e-23)            (1.5708,1.52033)           (1.5708,0.685133)           (1.5708,-0.20766)          (1.5708,-0.540637)           (1.5708,0.363874)            (1.5708,1.39066)      (0.607005,1.14113e-22)      (0.645148,3.13445e-22)      (0.403746,3.74558e-22)      (0.616659,4.84502e-22)      (0.178836,3.80954e-22)     (-0.0545145,1.4347e-22)
     (1.87004,-2.10957e-22)    (-0.523587,-3.33554e-22)    (-2.38134e-22,-0.926899)     (5.94235e-23,-0.105691)      (8.84114e-24,0.715478)   (-5.34668e-16,5.4308e-23)             (1.5708,1.5263)           (1.5708,0.691399)          (1.5708,-0.199792)          (1.5708,-0.523049)           (1.5708,0.377184)            (1.5708,1.39851)       (0.58897,1.01673e-22)      (0.627358,2.28446e-22)      (0.384532,3.50941e-22)       (0.591043,4.7795e-22)      (0.152795,3.67945e-22)    (-0.0749872,9.72215e-23)