                (1.87004,0)               (-0.523587,0)               (0,-0.926899)               (0,-0.105691)                (0,0.715478)                       (0,0)             (1.5708,1.5263)           (1.5708,0.691399)          (1.5708,-0.199792)          (1.5708,-0.523049)           (1.5708,0.377184)            (1.5708,1.39851)      (0.58897,-1.79741e-16)     (0.627358,-9.45687e-17)      (0.384532,8.80329e-17)      (0.591043,-9.4887e-17)     (0.152795,-1.63671e-17)    (-0.0749872,2.50983e-17)
      (1.89315,7.08255e-18)     (-0.496286,9.81161e-18)     (7.72555e-18,-0.949973)     (5.20593e-19,-0.104178)      (-4.61601e-19,0.71791)  (2.70697e-06,-8.13723e-19)            (1.5708,1.53365)           (1.5708,0.698068)          (1.5708,-0.192896)          (1.5708,-0.507212)           (1.5708,0.391094)            (1.5708,1.40776)     (0.570684,-1.86353e-16)     (0.609313,-1.01817e-16)      (0.365694,8.01694e-17)     (0.566191,-1.02517e-16)     (0.127098,-2.45082e-17)     (-0.095171,1.79249e-17)
      (1.91678,1.31903e-17)     (-0.469403,1.93927e-17)      (1.4457e-17,-0.973865)     (1.03954e-18,-0.102542)     (-8.25421e-19,0.720656)   (5.76537e-06,-1.5583e-18)            (1.5708,1.54214)           (1.5708,0.704877)          (1.5708,-0.187212)          (1.5708,-0.493768)           (1.5708,0.405107)            (1.5708,1.41816)      (0.55254,-1.92778e-16)     (0.591397,-1.08745e-16)      (0.347527,7.27234e-17)      (0.54258,-1.09904e-16)     (0.102215,-3.22559e-17)     (-0.114767,1.09545e-17)
      (1.94064,1.83096e-17)     (-0.443364,2.86047e-17)     (2.01712e-17,-0.998262)     (1.54474e-18,-0.100817)      (-1.0945e-18,0.723663)  (8.64887e-06,-2.22562e-18)             (1.5708,1.5516)           (1.5708,0.711734)          (1.5708,-0.182766)          (1.5708,-0.482711)           (1.5708,0.419031)            (1.5708,1.42952)     (0.534827,-1.98921e-16)     (0.573897,-1.15263e-16)      (0.330263,6.57602e-17)     (0.520459,-1.16996e-16)    (0.0785208,-3.95222e-17)     (-0.133477,4.28258e-18)
      (1.96449,2.24724e-17)      (-0.418576,3.7317e-17)      (2.48886e-17,-1.02288)    (2.02402e-18,-0.0990333)     (-1.27763e-18,0.726878)  (1.09018e-05,-2.80953e-18)            (1.5708,1.56186)           (1.5708,0.718559)          (1.5708,-0.179562)          (1.5708,-0.474009)           (1.5708,0.432706)            (1.5708,1.44165)     (0.517829,-2.04693e-16)     (0.557093,-1.21287e-16)      (0.314119,5.93378e-17)     (0.500059,-1.23743e-16)    (0.0563504,-4.62319e-17)    (-0.151029,-2.00494e-18)
       (1.9881,2.57478e-17)     (-0.395431,4.54087e-17)       (2.8666e-17,-1.04746)    (2.46583e-18,-0.0972217)     (-1.38769e-18,0.730251)  (1.21674e-05,-3.30565e-18)            (1.5708,1.57274)           (1.5708,0.725279)          (1.5708,-0.177584)          (1.5708,-0.467606)           (1.5708,0.445996)            (1.5708,1.45434)      (0.501817,-2.1001e-16)     (0.541248,-1.26746e-16)      (0.299303,5.35085e-17)     (0.481599,-1.30097e-16)    (0.0359928,-5.23201e-17)    (-0.167178,-7.83081e-18)
      (2.01128,2.82337e-17)      (-0.37429,5.27689e-17)      (3.15886e-17,-1.07177)    (2.85986e-18,-0.0954092)     (-1.43995e-18,0.733731)  (1.22041e-05,-3.71115e-18)            (1.5708,1.58406)           (1.5708,0.731828)          (1.5708,-0.176804)          (1.5708,-0.463431)           (1.5708,0.458788)            (1.5708,1.46742)     (0.487047,-2.14798e-16)     (0.526609,-1.31576e-16)      (0.286008,4.83204e-17)     (0.465285,-1.36007e-16)    (0.0176946,-5.77308e-17)    (-0.181706,-1.31261e-17)
      (2.03385,3.00471e-17)     (-0.355486,5.92974e-17)      (3.37606e-17,-1.09558)     (3.19745e-18,-0.093621)       (-1.4505e-18,0.73727)   (1.08912e-05,-4.0245e-18)            (1.5708,1.59564)            (1.5708,0.73815)          (1.5708,-0.177178)          (1.5708,-0.461401)           (1.5708,0.470988)            (1.5708,1.48069)     (0.473754,-2.18987e-16)     (0.513403,-1.35722e-16)      (0.274413,4.38179e-17)       (0.45131,-1.4142e-16)   (0.00166049,-6.24159e-17)    (-0.194425,-1.78299e-17)
      (2.05566,3.13142e-17)     (-0.339311,6.49058e-17)      (3.52961e-17,-1.11868)    (3.47194e-18,-0.0918796)     (-1.43489e-18,0.740821)  (8.22335e-06,-4.24536e-18)            (1.5708,1.60731)           (1.5708,0.744189)           (1.5708,-0.17865)          (1.5708,-0.461426)           (1.5708,0.482513)            (1.5708,1.49397)     (0.462147,-2.22518e-16)     (0.501829,-1.39142e-16)      (0.264683,4.00427e-17)     (0.439852,-1.46282e-16)    (-0.011945,-6.63346e-17)    (-0.205175,-2.18892e-17)
      (2.07654,3.21601e-17)     (-0.326018,6.95171e-17)      (3.63096e-17,-1.14088)    (3.67879e-18,-0.0902056)      (-1.40699e-18,0.74434)  (4.29659e-06,-4.37434e-18)            (1.5708,1.61888)           (1.5708,0.749896)          (1.5708,-0.181157)          (1.5708,-0.463407)            (1.5708,0.49329)            (1.5708,1.50707)      (0.45241,-2.25341e-16)     (0.492059,-1.41798e-16)      (0.256964,3.70337e-17)     (0.431073,-1.50539e-16)   (-0.0229953,-6.94531e-17)     (-0.21383,-2.52586e-17)
      (2.09633,3.26998e-17)     (-0.315815,7.30669e-17)      (3.69077e-17,-1.16197)    (3.81562e-18,-0.0886173)     (-1.37822e-18,0.747785) (-7.12416e-07,-4.41291e-18)             (1.5708,1.6302)           (1.5708,0.755224)           (1.5708,-0.18463)          (1.5708,-0.467246)           (1.5708,0.503252)            (1.5708,1.51984)     (0.444691,-2.27417e-16)     (0.484234,-1.43666e-16)       (0.251383,3.4827e-17)     (0.425116,-1.54133e-16)   (-0.0314005,-7.17448e-17)     (-0.22029,-2.79011e-17)
      (2.11484,3.30293e-17)     (-0.308859,7.55034e-17)      (3.71803e-17,-1.18175)     (3.8821e-18,-0.0871309)     (-1.35703e-18,0.751115) (-6.57075e-06,-4.36325e-18)            (1.5708,1.64111)           (1.5708,0.760125)          (1.5708,-0.188993)          (1.5708,-0.472843)           (1.5708,0.512335)             (1.5708,1.5321)     (0.439104,-2.28718e-16)     (0.478461,-1.44728e-16)      (0.248042,3.34555e-17)     (0.422102,-1.57009e-16)   (-0.0371052,-7.31907e-17)     (-0.22449,-2.97879e-17)
       (2.1319,3.32183e-17)     (-0.305259,7.67881e-17)      (3.71944e-17,-1.19998)    (3.87976e-18,-0.0857608)     (-1.34867e-18,0.754291)  (-1.3015e-05,-4.22814e-18)            (1.5708,1.65147)           (1.5708,0.764554)          (1.5708,-0.194169)          (1.5708,-0.480102)           (1.5708,0.520474)             (1.5708,1.5437)     (0.435726,-2.29227e-16)     (0.474813,-1.44977e-16)      (0.247021,3.29483e-17)     (0.422125,-1.59112e-16)   (-0.0400864,-7.37791e-17)    (-0.226393,-3.08989e-17)
      (2.14728,3.33053e-17)      (-0.30507,7.68961e-17)      (3.69889e-17,-1.21644)    (3.81172e-18,-0.0845197)     (-1.35524e-18,0.757278) (-1.97755e-05,-4.01088e-18)            (1.5708,1.66113)           (1.5708,0.768464)          (1.5708,-0.200083)          (1.5708,-0.488933)           (1.5708,0.527604)             (1.5708,1.5545)     (0.434597,-2.28943e-16)     (0.473328,-1.44416e-16)      (0.248369,3.33296e-17)      (0.42525,-1.60393e-16)   (-0.0403522,-7.35067e-17)    (-0.225993,-3.12227e-17)
       (2.16074,3.3294e-17)     (-0.308292,7.58167e-17)      (3.65714e-17,-1.23089)     (3.68234e-18,-0.083419)      (-1.37587e-18,0.76004)  (-2.65979e-05,-3.7152e-18)            (1.5708,1.66999)           (1.5708,0.771808)          (1.5708,-0.206659)          (1.5708,-0.499252)            (1.5708,0.53366)            (1.5708,1.56436)     (0.435717,-2.27874e-16)     (0.474008,-1.43056e-16)      (0.252107,3.46174e-17)     (0.431506,-1.60803e-16)    (-0.0379394,-7.2378e-17)    (-0.223312,-3.07571e-17)
      (2.17205,3.31528e-17)     (-0.314877,7.35541e-17)      (3.59173e-17,-1.24307)    (3.49693e-18,-0.0824683)     (-1.40713e-18,0.762545)  (-3.3259e-05,-3.34519e-18)            (1.5708,1.67793)           (1.5708,0.774539)          (1.5708,-0.213824)          (1.5708,-0.510984)           (1.5708,0.538571)            (1.5708,1.57316)     (0.439049,-2.26042e-16)     (0.476824,-1.40919e-16)      (0.258221,3.68228e-17)     (0.440885,-1.60306e-16)    (-0.032912,-7.04059e-17)    (-0.218402,-2.95088e-17)
      (2.18093,3.28162e-17)     (-0.324718,7.01283e-17)      (3.49718e-17,-1.25272)    (3.26137e-18,-0.0816762)     (-1.44344e-18,0.764763) (-3.95784e-05,-2.90531e-18)            (1.5708,1.68487)           (1.5708,0.776609)          (1.5708,-0.221511)          (1.5708,-0.524063)           (1.5708,0.542269)            (1.5708,1.58079)      (0.444521,-2.2348e-16)     (0.481712,-1.38034e-16)      (0.266662,3.99476e-17)      (0.453333,-1.5887e-16)   (-0.0253587,-6.76114e-17)    (-0.211339,-2.74934e-17)
      (2.18713,3.21898e-17)     (-0.337663,6.55753e-17)      (3.36532e-17,-1.25958)      (2.98185e-18,-0.08105)      (-1.4776e-18,0.766668) (-4.54242e-05,-2.40029e-18)            (1.5708,1.69071)           (1.5708,0.777971)          (1.5708,-0.229653)           (1.5708,-0.53843)           (1.5708,0.544682)            (1.5708,1.58717)     (0.452031,-2.20231e-16)     (0.488582,-1.34439e-16)      (0.277342,4.39836e-17)     (0.468751,-1.56475e-16)   (-0.0153913,-6.40235e-17)    (-0.202228,-2.47349e-17)
       (2.1904,3.11564e-17)     (-0.353509,5.99482e-17)      (3.18597e-17,-1.26341)    (2.66457e-18,-0.0805957)     (-1.50126e-18,0.768232)  (-5.07138e-05,-1.8352e-18)             (1.5708,1.6954)           (1.5708,0.778582)          (1.5708,-0.238187)          (1.5708,-0.554031)           (1.5708,0.545744)            (1.5708,1.59219)     (0.461445,-2.16346e-16)     (0.497317,-1.30178e-16)      (0.290138,4.89107e-17)     (0.486992,-1.53116e-16)  (-0.00314316,-5.96791e-17)    (-0.191194,-2.12656e-17)
      (2.19049,2.95847e-17)     (-0.372008,5.33174e-17)        (2.94776e-17,-1.264)    (2.31558e-18,-0.0803186)     (-1.50542e-18,0.769436) (-5.54111e-05,-1.21547e-18)            (1.5708,1.69889)           (1.5708,0.778402)          (1.5708,-0.247051)          (1.5708,-0.570814)           (1.5708,0.545388)            (1.5708,1.59581)     (0.472605,-2.11884e-16)     (0.507773,-1.25306e-16)      (0.304885,5.46951e-17)     (0.507855,-1.48799e-16)    (0.0112328,-5.46229e-17)    (-0.178386,-1.71258e-17)
      (2.18723,2.73402e-17)      (-0.39287,4.57712e-17)      (2.63908e-17,-1.26116)    (1.94062e-18,-0.0802227)     (-1.48083e-18,0.770259) (-5.95197e-05,-5.46981e-19)            (1.5708,1.70112)           (1.5708,0.777397)          (1.5708,-0.256178)          (1.5708,-0.588723)           (1.5708,0.543558)            (1.5708,1.59795)     (0.485329,-2.06913e-16)     (0.519789,-1.19881e-16)      (0.321384,6.12881e-17)     (0.531088,-1.43545e-16)    (0.0275649,-4.89077e-17)    (-0.163973,-1.23633e-17)
      (2.18047,2.42966e-17)     (-0.415769,3.74153e-17)      (2.24924e-17,-1.25478)    (1.54508e-18,-0.0803112)     (-1.41846e-18,0.770686)  (-6.30735e-05,1.63827e-19)            (1.5708,1.70208)           (1.5708,0.775541)          (1.5708,-0.265497)          (1.5708,-0.607689)           (1.5708,0.540203)            (1.5708,1.59859)     (0.499419,-2.01502e-16)      (0.533185,-1.1397e-16)      (0.339394,6.86241e-17)     (0.556385,-1.37395e-16)     (0.045664,-4.25936e-17)    (-0.148143,-7.03305e-18)
      (2.17013,2.03474e-17)     (-0.440347,2.83732e-17)      (1.76957e-17,-1.24479)    (1.13395e-18,-0.0805858)     (-1.30981e-18,0.770704)  (-6.61255e-05,9.09778e-19)            (1.5708,1.70175)           (1.5708,0.772821)           (1.5708,-0.27493)          (1.5708,-0.627622)           (1.5708,0.535288)            (1.5708,1.59769)     (0.514662,-1.95728e-16)     (0.547764,-1.07646e-16)      (0.358645,7.66193e-17)     (0.583392,-1.30405e-16)    (0.0653239,-3.57496e-17)    (-0.131102,-1.19765e-18)
      (2.15623,1.54179e-17)      (-0.46622,1.87846e-17)       (1.19456e-17,-1.2312)    (7.11917e-19,-0.0810475)     (-1.14728e-18,0.770304)  (-6.87329e-05,1.68278e-18)            (1.5708,1.70012)           (1.5708,0.769234)          (1.5708,-0.284383)          (1.5708,-0.648399)           (1.5708,0.528793)            (1.5708,1.59525)     (0.530831,-1.89669e-16)      (0.563319,-1.0099e-16)      (0.378833,8.51703e-17)     (0.611704,-1.22651e-16)     (0.0863213,-2.8453e-17)     (-0.113072,5.07316e-18)
       (2.13885,9.4759e-18)     (-0.492982,8.80417e-18)        (5.229e-18,-1.21413)    (2.83441e-19,-0.0816955)     (-9.24545e-19,0.769482)  (-7.09419e-05,2.47366e-18)            (1.5708,1.69719)           (1.5708,0.764795)          (1.5708,-0.293746)          (1.5708,-0.669852)           (1.5708,0.520719)            (1.5708,1.59126)      (0.54769,-1.83409e-16)     (0.579629,-9.40891e-17)       (0.399629,9.4153e-17)     (0.640875,-1.14234e-16)     (0.108415,-2.07906e-17)      (-0.09429,1.17021e-17)
      (2.11819,2.54033e-18)    (-0.520213,-1.40065e-18)     (-2.41723e-18,-1.19375)   (-1.47103e-19,-0.0825278)     (-6.36906e-19,0.768239)  (-7.27688e-05,3.27195e-18)            (1.5708,1.69299)           (1.5708,0.759534)          (1.5708,-0.302892)          (1.5708,-0.691754)           (1.5708,0.511091)            (1.5708,1.58575)     (0.564997,-1.77034e-16)     (0.596465,-8.70384e-17)      (0.420681,1.03423e-16)     (0.670418,-1.05273e-16)     (0.131348,-1.28587e-17)    (-0.0750089,1.86042e-17)
     (2.09453,-5.31303e-18)     (-0.547487,-1.1653e-17)     (-1.09008e-17,-1.17037)   (-5.75246e-19,-0.0835402)     (-2.81634e-19,0.766579)  (-7.41815e-05,4.06584e-18)            (1.5708,1.68756)           (1.5708,0.753502)          (1.5708,-0.311672)          (1.5708,-0.713806)           (1.5708,0.499964)            (1.5708,1.57875)     (0.582504,-1.70632e-16)     (0.613593,-7.99396e-17)      (0.441623,1.12814e-16)     (0.699811,-9.59134e-17)     (0.154842,-4.76385e-18)     (-0.055494,2.56868e-17)
     (2.06826,-1.39492e-17)    (-0.574376,-2.17708e-17)     (-2.00721e-17,-1.14434)   (-9.96232e-19,-0.0847264)      (1.41658e-19,0.764513)   (-7.50815e-05,4.8422e-18)            (1.5708,1.68092)           (1.5708,0.746772)          (1.5708,-0.319916)          (1.5708,-0.735623)           (1.5708,0.487425)            (1.5708,1.57033)      (0.59996,-1.64294e-16)     (0.630768,-7.29009e-17)      (0.462081,1.22144e-16)     (0.728512,-8.63261e-17)      (0.178601,3.37749e-18)     (-0.036023,3.28499e-17)
     (2.03985,-2.31759e-17)    (-0.600456,-3.15713e-17)     (-2.97269e-17,-1.11615)   (-1.40483e-18,-0.0860774)       (6.30679e-19,0.76206)  (-7.52912e-05,5.58672e-18)            (1.5708,1.67316)           (1.5708,0.739435)          (1.5708,-0.327437)          (1.5708,-0.756731)           (1.5708,0.473603)            (1.5708,1.56055)     (0.617111,-1.58114e-16)     (0.647745,-6.60358e-17)      (0.481681,1.31216e-16)     (0.755958,-7.67044e-17)      (0.202307,1.14397e-17)    (-0.0168839,3.99862e-17)
       (2.00985,-3.275e-17)    (-0.625318,-4.08769e-17)     (-3.96134e-17,-1.08632)   (-1.79519e-18,-0.0875813)      (1.18017e-18,0.759243)   (-7.45508e-05,6.2843e-18)            (1.5708,1.66434)           (1.5708,0.731609)          (1.5708,-0.334035)          (1.5708,-0.776558)           (1.5708,0.458665)            (1.5708,1.54953)     (0.633705,-1.52186e-16)     (0.664275,-5.94608e-17)      (0.500057,1.39824e-16)     (0.781584,-6.72635e-17)      (0.225624,1.92894e-17)    (0.00162722,4.69825e-17)
      (1.9789,-4.23883e-17)     (-0.64857,-4.95208e-17)     (-4.94431e-17,-1.05546)   (-2.16073e-18,-0.0892222)      (1.78165e-18,0.756097)  (-7.25297e-05,6.91954e-18)            (1.5708,1.65456)           (1.5708,0.723431)          (1.5708,-0.339503)          (1.5708,-0.794452)           (1.5708,0.442829)            (1.5708,1.53738)     (0.649492,-1.46602e-16)     (0.680108,-5.32935e-17)      (0.516862,1.47763e-16)     (0.804837,-5.82339e-17)      (0.248193,2.67874e-17)      (0.0192092,5.3721e-17)
     (1.94766,-5.17808e-17)    (-0.669846,-5.73518e-17)     (-5.89051e-17,-1.02421)   (-2.49425e-18,-0.0909806)      (2.42328e-18,0.752662)  (-6.88575e-05,7.47739e-18)            (1.5708,1.64394)           (1.5708,0.715058)          (1.5708,-0.343639)          (1.5708,-0.809701)           (1.5708,0.426359)            (1.5708,1.52428)     (0.664228,-1.41454e-16)     (0.694997,-4.76492e-17)      (0.531775,1.54834e-16)     (0.825187,-4.98541e-17)      (0.269641,3.37916e-17)     (0.0355603,6.00815e-17)
      (1.91682,-6.0607e-17)     (-0.68881,-6.42388e-17)     (-6.7682e-17,-0.993243)   (-2.78814e-18,-0.0928323)      (3.08971e-18,0.748988)  (-6.31713e-05,7.94382e-18)            (1.5708,1.63262)           (1.5708,0.706665)          (1.5708,-0.346258)          (1.5708,-0.821575)           (1.5708,0.409569)            (1.5708,1.51041)     (0.677676,-1.36831e-16)       (0.7087,-4.26381e-17)      (0.544511,1.60859e-16)     (0.842155,-4.23586e-17)      (0.289578,4.01598e-17)     (0.0503835,6.59433e-17)
     (1.88709,-6.85513e-17)    (-0.705162,-7.00726e-17)    (-7.54659e-17,-0.963232)   (-3.03484e-18,-0.0947486)       (3.7621e-18,0.745136)   (-5.5175e-05,8.30639e-18)            (1.5708,1.62076)           (1.5708,0.698439)          (1.5708,-0.347204)          (1.5708,-0.829388)           (1.5708,0.392821)            (1.5708,1.49598)     (0.689614,-1.32816e-16)     (0.720985,-3.83627e-17)      (0.554829,1.65686e-16)      (0.855332,-3.5965e-17)      (0.307607,4.57525e-17)     (0.0633926,7.11884e-17)
     (1.85915,-7.53188e-17)    (-0.718642,-7.47668e-17)    (-8.19729e-17,-0.934831)   (-3.22753e-18,-0.0966964)      (4.41816e-18,0.741173)  (-4.46922e-05,8.55471e-18)            (1.5708,1.60853)           (1.5708,0.690573)          (1.5708,-0.346365)          (1.5708,-0.832568)           (1.5708,0.376511)            (1.5708,1.48124)     (0.699833,-1.29486e-16)     (0.731631,-3.49152e-17)       (0.56254,1.69195e-16)       (0.8644,-3.08601e-17)      (0.323332,5.04361e-17)     (0.0743206,7.57039e-17)
     (1.83362,-8.06483e-17)    (-0.729034,-7.82558e-17)     (-8.6955e-17,-0.908651)   (-3.36097e-18,-0.0986384)      (5.03248e-18,0.737173)   (-3.16958e-05,8.6806e-18)            (1.5708,1.59616)           (1.5708,0.683259)          (1.5708,-0.343685)          (1.5708,-0.830732)           (1.5708,0.361064)            (1.5708,1.46646)     (0.708148,-1.26908e-16)     (0.740441,-3.23761e-17)      (0.567515,1.71308e-16)      (0.86916,-2.71862e-17)      (0.336373,5.40858e-17)      (0.082928,7.93862e-17)
     (1.81107,-8.43244e-17)    (-0.736171,-8.04932e-17)    (-9.02114e-17,-0.885242)    (-3.43216e-18,-0.100534)      (5.57733e-18,0.733219)  (-1.63001e-05,8.67825e-18)            (1.5708,1.58385)           (1.5708,0.676682)          (1.5708,-0.339171)          (1.5708,-0.823748)           (1.5708,0.346913)            (1.5708,1.45194)     (0.714402,-1.25143e-16)     (0.747238,-3.08121e-17)      (0.569684,1.71985e-16)     (0.869538,-2.50312e-17)      (0.346377,5.65898e-17)      (0.089012,8.21434e-17)
     (1.79198,-8.61882e-17)    (-0.739938,-8.14494e-17)    (-9.15971e-17,-0.865071)     (-3.44093e-18,-0.10234)        (6.024e-18,0.729393)   (1.28687e-06,8.54425e-18)            (1.5708,1.57186)           (1.5708,0.671004)          (1.5708,-0.332898)           (1.5708,-0.81176)           (1.5708,0.334474)            (1.5708,1.43798)     (0.718468,-1.24237e-16)     (0.751881,-3.02745e-17)      (0.569041,1.71228e-16)      (0.865596,-2.4423e-17)      (0.353039,5.78542e-17)     (0.0924154,8.39002e-17)
     (1.77671,-8.61471e-17)    (-0.740272,-8.11113e-17)    (-9.10326e-17,-0.848511)    (-3.38985e-18,-0.104013)       (6.34505e-18,0.72578)   (2.08326e-05,8.27782e-18)            (1.5708,1.56041)           (1.5708,0.666364)          (1.5708,-0.325007)          (1.5708,-0.795187)           (1.5708,0.324123)            (1.5708,1.42487)     (0.720255,-1.24222e-16)     (0.754261,-3.07955e-17)      (0.565641,1.69078e-16)     (0.857525,-2.53297e-17)      (0.356119,5.78103e-17)     (0.0930349,8.46014e-17)
      (1.7655,-8.41841e-17)    (-0.737167,-7.94822e-17)    (-8.85115e-17,-0.835829)    (-3.28375e-18,-0.105512)      (6.51713e-18,0.722462)   (4.21418e-05,7.88117e-18)            (1.5708,1.54975)           (1.5708,0.662864)          (1.5708,-0.315696)          (1.5708,-0.774678)            (1.5708,0.31617)             (1.5708,1.4129)     (0.719716,-1.25114e-16)     (0.754316,-3.23853e-17)      (0.559597,1.65613e-16)     (0.845625,-2.76651e-17)      (0.355463,5.64223e-17)     (0.0908275,8.42164e-17)
     (1.75849,-8.03627e-17)     (-0.730671,-7.6584e-17)    (-8.41058e-17,-0.827183)    (-3.12865e-18,-0.106799)      (6.52418e-18,0.719511)   (6.50844e-05,7.35988e-18)            (1.5708,1.54011)           (1.5708,0.660568)          (1.5708,-0.305213)          (1.5708,-0.751032)           (1.5708,0.310832)            (1.5708,1.40235)      (0.716842,-1.2691e-16)     (0.752026,-3.50286e-17)      (0.551072,1.60941e-16)       (0.83028,-3.1299e-17)      (0.351013,5.36953e-17)     (0.0858142,8.27423e-17)
     (1.75568,-7.48278e-17)    (-0.720887,-7.24595e-17)     (-7.7967e-17,-0.822622)    (-2.93051e-18,-0.107839)      (6.36018e-18,0.716993)   (8.95769e-05,6.72327e-18)            (1.5708,1.53171)             (1.5708,0.6595)          (1.5708,-0.293835)          (1.5708,-0.725127)           (1.5708,0.308223)            (1.5708,1.39342)     (0.711673,-1.29586e-16)     (0.747418,-3.86821e-17)      (0.540271,1.55198e-16)     (0.811936,-3.60701e-17)      (0.342816,4.96795e-17)     (0.0780811,8.02058e-17)
      (1.75696,-6.7799e-17)     (-0.70797,-6.71735e-17)    (-7.03199e-17,-0.822094)    (-2.69415e-18,-0.108608)       (6.03091e-18,0.71496)   (0.000115525,5.98435e-18)            (1.5708,1.52471)           (1.5708,0.659644)          (1.5708,-0.281856)          (1.5708,-0.697837)           (1.5708,0.308349)            (1.5708,1.38631)     (0.704289,-1.33095e-16)     (0.740566,-4.32744e-17)       (0.52743,1.48541e-16)     (0.791062,-4.17997e-17)      (0.331029,4.44714e-17)     (0.0677774,7.66631e-17)
     (1.76213,-5.95573e-17)    (-0.692127,-6.08133e-17)    (-6.14496e-17,-0.825455)    (-2.42262e-18,-0.109087)      (5.55415e-18,0.713448)   (0.000142753,5.15949e-18)            (1.5708,1.51927)            (1.5708,0.66095)           (1.5708,-0.26957)          (1.5708,-0.669976)           (1.5708,0.311109)            (1.5708,1.38114)     (0.694811,-1.37373e-16)     (0.731587,-4.87086e-17)      (0.512813,1.41135e-16)     (0.768138,-4.83049e-17)      (0.315912,3.82082e-17)      (0.0551097,7.2198e-17)
     (1.77091,-5.04259e-17)    (-0.673608,-5.34871e-17)    (-5.16825e-17,-0.832484)    (-2.11719e-18,-0.109269)      (4.95811e-18,0.712482)   (0.000170938,4.26764e-18)             (1.5708,1.5155)           (1.5708,0.663338)           (1.5708,-0.25726)          (1.5708,-0.642262)           (1.5708,0.316311)            (1.5708,1.37799)     (0.683399,-1.42337e-16)     (0.720638,-5.48662e-17)      (0.496694,1.33152e-16)     (0.743631,-5.54094e-17)      (0.297813,3.10588e-17)     (0.0403348,6.69169e-17)
     (1.78295,-4.07487e-17)     (-0.65271,-4.53212e-17)      (-4.13648e-17,-0.8429)    (-1.77798e-18,-0.109154)      (4.27851e-18,0.712069)    (0.000199573,3.3293e-18)            (1.5708,1.51344)           (1.5708,0.666707)          (1.5708,-0.245187)          (1.5708,-0.615296)           (1.5708,0.323696)            (1.5708,1.37688)     (0.670246,-1.47888e-16)     (0.707912,-6.16139e-17)       (0.479357,1.2476e-16)     (0.717985,-6.29506e-17)      (0.277153,2.32114e-17)     (0.0237501,6.09435e-17)
      (1.79786,-3.0867e-17)    (-0.629763,-3.64557e-17)    (-3.08401e-17,-0.856371)    (-1.40492e-18,-0.108751)      (3.55477e-18,0.712202)    (0.00022797,2.36546e-18)            (1.5708,1.51312)           (1.5708,0.670941)          (1.5708,-0.233581)          (1.5708,-0.589566)           (1.5708,0.332958)            (1.5708,1.37779)      (0.655573,-1.5392e-16)       (0.693633,-6.881e-17)      (0.461088,1.16117e-16)     (0.691617,-7.07844e-17)      (0.254404,1.48606e-17)    (0.00568326,5.44125e-17)
     (1.81523,-2.11006e-17)    (-0.605132,-2.70409e-17)    (-2.04301e-17,-0.872539)    (-9.98802e-19,-0.108076)      (2.82609e-18,0.712863)   (0.000255288,1.39655e-18)            (1.5708,1.51453)           (1.5708,0.675915)          (1.5708,-0.222644)          (1.5708,-0.565449)            (1.5708,0.34377)            (1.5708,1.38064)     (0.639624,-1.60319e-16)     (0.678047,-7.63104e-17)       (0.442171,1.0737e-16)     (0.664913,-7.87869e-17)      (0.230069,6.19656e-18)    (-0.0135187,4.74629e-17)
     (1.83465,-1.17311e-17)    (-0.579208,-1.72326e-17)    (-1.04186e-17,-0.891024)    (-5.62176e-19,-0.107153)      (2.12787e-18,0.714022)   (0.000280588,4.41637e-19)            (1.5708,1.51759)           (1.5708,0.681504)          (1.5708,-0.212543)          (1.5708,-0.543225)           (1.5708,0.355803)            (1.5708,1.38532)      (0.622664,-1.6697e-16)      (0.66142,-8.39743e-17)      (0.422883,9.86479e-17)      (0.63823,-8.68532e-17)     (0.204661,-2.60318e-18)     (-0.0334989,4.0233e-17)
     (1.85571,-2.99159e-18)      (-0.5524,-7.18885e-18)    (-1.04165e-18,-0.911446)    (-9.98292e-20,-0.106008)      (1.48914e-18,0.715642)  (0.000302902,-4.82092e-19)            (1.5708,1.52223)           (1.5708,0.687582)          (1.5708,-0.203412)          (1.5708,-0.523095)           (1.5708,0.368741)            (1.5708,1.39171)     (0.604969,-1.73758e-16)     (0.644033,-9.16674e-17)      (0.403493,9.00667e-17)      (0.611896,-9.4895e-17)     (0.178687,-1.13787e-17)       (-0.0539,3.28561e-17)
      (1.87801,4.93995e-18)     (-0.525131,2.93332e-18)     (7.51872e-18,-0.933429)     (3.81084e-19,-0.104674)      (9.30921e-19,0.717677)  (0.000321305,-1.35968e-18)            (1.5708,1.52832)           (1.5708,0.694032)          (1.5708,-0.195356)          (1.5708,-0.505191)           (1.5708,0.382293)            (1.5708,1.39963)     (0.586826,-1.80571e-16)     (0.626175,-9.92643e-17)      (0.384262,8.17263e-17)     (0.586216,-1.02838e-16)     (0.152634,-1.99891e-17)    (-0.0743717,2.54581e-17)